100 100
1009 9 87 42 81 30 71 59 2 21 97 25 99 56 93 66 44 65 14 6 62 72 46 10 28 73 24 19 83 78 92 47 43 51 26 52 32 98 7 60 54 39 48 12 76 58 96 29 15 63 77 74 68 95 40 49 67 8 69 13 22 35 33 18 53 27 89 85 50 100 17 3 45 57 75 36 88 5 55 4 37 31 23 11 1 86 91 34 79 84 80 64 61 16 41 70 94 82 38 20 90
1007 8 34 32 61 65 53 55 56 50 70 36 41 58 78 94 60 18 27 100 31 17 44 71 5 37 48 84 54 1 90 25 79 38 69 98 68 51 46 72 33 85 19 89 3 52 42 96 9 95 62 83 93 64 24 20 4 6 30 10 40 15 77 86 23 22 21 67 59 97 88 80 47 43 35 49 11 12 82 74 16 2 26 92 99 7 73 57 28 87 39 76 91 63 29 14 75 45 13 66 81
1001 38 53 43 20 7 35 37 89 45 6 76 64 19 9 78 61 50 85 51 23 81 29 27 80 40 24 26 52 18 93 66 79 90 88 32 65 42 99 73 98 68 87 96 74 4 3 16 48 2 15 59 28 83 95 31 75 92 82 8 72 34 5 41 13 47 69 54 14 91 58 100 44 71 17 22 70 84 67 63 12 46 60 97 77 33 36 86 1 55 25 39 56 30 57 10 94 21 11 49 62
1010 84 4 92 93 83 3 28 34 96 39 19 88 97 31 46 65 12 57 32 41 13 48 53 67 50 73 77 11 14 29 91 66 45 5 52 35 37 71 90 80 56 69 59 47 7 18 64 20 42 61 25 68 72 82 75 70 27 86 22 95 98 44 94 87 40 1 8 33 16 54 38 85 100 6 62 17 26 58 36 43 30 21 76 49 24 60 99 15 79 2 81 63 23 51 55 89 74 10 9 78
1008 66 30 68 41 77 99 57 69 39 15 9 80 27 53 98 10 92 32 13 83 50 79 60 26 1 49 100 40 35 14 61 6 5 74 87 47 28 54 88 22 45 33 78 82 97 16 81 63 7 93 90 18 29 75 4 73 58 86 37 91 24 70 12 64 71 56 76 38 95 8 21 2 25 19 46 43 85 17 20 94 31 11 52 72 44 23 3 59 34 42 48 55 62 89 96 84 51 65 67 36
1007 33 79 97 80 87 89 45 83 77 86 72 2 16 18 21 12 96 67 23 52 62 26 48 92 90 29 50 49 19 53 13 68 74 70 56 17 93 81 27 82 32 25 59 94 85 63 57 39 54 7 76 43 78 58 95 4 36 99 69 8 91 100 30 20 65 35 6 55 9 10 98 31 1 34 40 22 37 75 11 14 44 71 24 51 88 41 61 73 84 38 60 28 5 64 46 15 47 3 42 66
1008 57 72 43 94 68 83 13 44 19 71 69 65 88 49 86 58 27 61 21 92 31 24 50 60 73 1 9 52 16 5 51 18 15 66 81 37 84 99 91 46 14 95 23 82 100 98 10 7 55 54 40 36 70 3 93 96 45 53 22 78 77 59 62 11 8 47 90 41 2 64 89 12 48 25 80 30 20 29 85 28 4 67 35 76 6 56 87 39 97 32 74 34 79 63 75 42 26 17 38 33
1009 3 9 56 45 49 51 31 8 91 89 74 57 96 7 20 50 81 85 97 2 18 10 16 32 79 61 17 13 88 66 83 77 94 93 25 76 68 48 80 75 87 28 92 6 90 70 53 72 14 42 52 99 55 35 15 47 82 59 23 86 34 69 67 30 37 36 24 73 19 12 22 95 21 41 84 11 44 39 71 63 60 40 26 38 43 1 27 5 4 64 62 78 54 46 33 58 65 29 100 98
1006 93 87 58 4 96 48 44 68 75 65 2 41 76 91 20 83 79 26 13 39 30 82 14 22 57 55 67 43 64 37 34 19 46 60 9 18 85 78 47 21 24 77 72 32 51 56 17 15 23 28 31 97 42 11 89 25 49 40 94 90 54 69 59 45 84 63 7 12 74 6 95 71 35 73 29 100 8 53 92 10 5 1 80 61 36 99 16 33 66 52 86 50 62 38 3 88 98 70 27 81
1005 51 29 48 61 90 53 69 25 80 7 26 47 63 78 44 72 8 40 15 88 42 2 9 52 66 83 99 82 30 21 97 37 22 16 10 46 96 27 75 65 45 24 56 43 39 13 11 50 73 64 55 87 89 17 23 98 84 5 1 68 57 92 32 33 93 20 95 34 60 31 38 19 77 18 3 12 4 67 35 59 91 86 14 49 28 94 54 58 81 71 41 85 70 62 36 6 76 74 79 100
1004 89 24 72 98 84 87 60 13 32 82 79 65 28 74 57 14 47 4 90 61 63 40 59 33 27 26 91 88 69 54 5 49 93 21 53 6 11 56 7 34 77 35 36 3 99 83 15 23 31 9 81 85 48 18 1 95 46 42 86 67 73 92 39 45 2 75 58 16 25 20 44 10 97 22 71 80 78 8 17 70 62 41 19 96 100 76 50 29 38 43 55 37 51 68 12 64 30 52 94 66
1002 45 85 94 61 92 30 39 34 96 53 8 99 33 29 18 60 82 83 88 42 40 28 97 84 24 95 19 68 32 22 79 3 48 62 74 38 36 90 80 66 57 65 5 58 9 20 76 43 7 21 46 1 41 81 35 16 37 77 69 56 27 52 4 87 73 2 6 91 70 93 10 12 51 26 100 17 54 86 72 47 23 67 64 25 59 11 78 63 89 49 15 71 14 55 50 75 44 13 31 98
1006 62 34 67 90 68 81 13 23 94 77 53 86 27 9 54 10 20 11 60 95 31 4 79 66 41 47 92 93 37 1 18 50 56 45 28 46 30 15 42 75 26 65 3 16 24 61 84 52 49 51 17 7 36 89 80 87 38 91 85 64 100 35 63 82 98 8 44 88 71 48 76 72 59 6 25 32 43 33 19 14 29 96 97 69 40 58 39 12 2 55 22 21 78 5 70 99 57 74 73 83
1007 38 49 72 70 75 12 87 50 99 30 55 29 22 65 7 68 48 62 39 33 93 69 96 1 76 100 47 54 28 77 19 11 73 95 26 71 25 34 88 80 21 27 74 85 46 61 59 63 36 3 51 15 90 67 52 20 97 79 10 40 16 94 32 8 58 2 14 81 35 83 43 60 6 23 57 4 98 89 66 45 13 84 41 42 78 92 44 56 86 82 5 37 64 17 53 91 24 31 18 9
1007 69 75 96 64 87 53 42 10 21 79 99 40 39 12 84 68 72 83 100 63 17 16 82 34 71 45 54 62 57 18 92 55 43 93 31 66 41 6 97 91 19 90 48 56 58 52 88 28 7 95 22 35 46 32 11 5 36 24 30 8 65 85 3 73 78 26 1 61 98 59 23 9 77 20 29 86 70 27 37 49 81 67 60 44 74 50 89 13 51 4 80 15 76 2 33 25 38 14 94 47
1010 45 13 51 61 38 79 20 3 86 74 8 92 49 33 10 30 19 46 90 87 37 32 24 89 39 31 17 81 73 4 63 52 29 80 23 78 42 11 91 47 22 5 66 70 85 48 84 64 18 58 21 71 65 68 67 27 75 9 26 59 57 100 93 12 35 2 72 99 82 50 88 76 40 16 77 98 62 55 41 43 44 25 83 69 95 7 97 96 94 14 36 15 28 54 6 56 53 60 1 34
1004 47 33 100 88 73 7 69 21 13 81 98 44 25 23 6 72 50 3 45 28 76 40 58 18 49 59 67 87 5 2 56 96 15 91 71 83 70 22 41 17 34 12 30 20 99 89 92 80 39 10 11 60 97 93 66 4 16 37 36 8 90 63 46 62 38 86 52 19 26 64 68 65 54 95 77 51 35 84 61 29 79 9 24 43 85 82 27 14 48 31 42 57 32 94 75 1 53 78 55 74
1000 5 37 80 41 53 87 61 93 6 39 32 15 45 34 88 21 4 14 11 99 83 50 62 94 48 12 69 56 1 91 89 54 3 20 18 23 46 67 70 17 100 35 19 42 55 8 79 16 40 92 51 97 24 84 33 81 68 38 2 60 29 7 30 22 28 27 25 49 10 58 90 26 59 43 76 57 85 36 86 65 82 72 98 52 31 64 66 44 9 78 47 75 71 63 95 74 13 73 77 96
1001 49 98 59 4 47 13 69 76 87 28 41 33 11 80 96 8 61 94 92 10 52 40 71 14 34 5 39 12 64 74 9 88 32 95 84 67 90 99 25 77 36 37 24 73 15 35 17 46 97 75 6 42 78 91 66 31 29 45 79 70 60 65 63 100 18 1 53 16 58 82 55 50 7 48 81 85 89 30 62 3 86 43 23 93 54 27 57 68 2 72 22 26 44 19 21 56 38 83 20 51
1006 62 70 99 68 94 84 34 89 79 38 20 73 6 29 7 10 59 98 19 69 16 27 75 44 50 25 48 9 67 18 74 71 8 90 55 37 23 28 76 51 45 11 77 21 2 40 87 92 85 86 80 93 32 97 41 54 100 61 52 15 58 17 3 35 31 95 46 47 42 72 30 91 49 24 43 88 78 56 4 81 57 96 33 22 12 39 64 66 1 53 5 60 26 82 14 13 36 83 63 65
1007 42 32 37 2 92 87 15 43 29 3 83 51 99 21 72 70 45 89 93 79 86 17 46 14 67 4 50 73 96 12 76 66 53 16 91 81 1 77 19 85 13 44 71 31 80 52 9 8 22 11 69 33 98 97 49 62 63 5 75 18 57 59 28 30 82 26 88 40 90 38 34 94 7 25 48 56 10 95 35 24 64 60 6 68 78 39 47 20 58 65 74 100 27 61 54 36 23 41 84 55
1003 40 100 31 93 38 12 37 88 51 20 85 44 16 17 56 72 63 48 96 89 15 30 83 41 78 55 26 98 25 65 69 75 8 87 4 95 49 22 79 11 62 42 64 43 7 29 67 34 73 47 35 54 45 24 81 90 18 33 99 82 53 3 80 84 66 32 19 1 61 23 59 50 39 21 68 74 86 6 94 76 10 36 46 70 14 60 5 91 13 2 27 77 52 9 28 71 92 57 58 97
1008 50 40 62 98 69 100 87 2 94 79 77 22 60 45 48 38 89 26 67 52 18 90 93 44 92 23 95 27 13 36 85 51 21 57 83 68 6 41 71 56 73 65 8 49 55 80 58 70 43 75 64 19 39 96 3 20 31 59 30 33 11 88 53 78 91 7 35 9 1 37 15 5 25 84 10 28 97 29 17 82 32 12 74 99 46 66 72 54 76 24 34 14 61 4 81 42 63 47 86 16
1009 45 46 32 71 44 89 3 47 94 95 87 11 43 28 20 85 22 99 79 39 34 81 15 1 6 41 21 50 100 92 55 77 30 26 98 27 64 70 97 40 90 74 56 29 83 76 80 37 60 59 54 93 49 4 52 2 78 96 53 5 8 57 63 7 14 58 61 84 67 19 9 68 33 75 51 91 16 88 24 42 73 69 82 23 38 13 25 48 17 31 65 36 10 66 86 18 12 62 72 35
1003 9 73 2 96 42 3 51 63 4 25 80 52 43 13 35 84 10 82 50 87 99 68 14 49 37 97 17 15 36 60 75 32 30 34 55 11 89 76 83 100 64 66 21 74 12 86 7 18 78 81 29 79 28 27 65 8 24 41 77 48 67 16 94 57 45 92 71 38 22 59 85 1 26 70 88 31 90 5 19 95 61 54 56 20 72 93 23 46 62 39 58 44 47 33 69 91 98 6 53 40
1009 3 1 98 90 30 64 73 48 9 66 43 77 49 40 88 37 14 52 100 20 95 93 45 33 74 19 10 59 89 99 32 44 21 38 26 6 83 91 36 65 71 75 81 92 16 56 11 34 82 46 80 5 78 57 94 55 60 12 22 47 76 18 28 29 50 8 61 4 62 69 25 67 96 58 72 42 85 41 68 2 63 35 86 97 17 79 23 24 54 7 53 31 15 84 70 51 87 39 27 13
1004 29 97 77 53 52 92 44 27 62 24 64 20 41 67 83 65 17 45 13 60 69 43 12 89 54 93 31 61 1 78 99 33 5 85 72 9 100 10 26 25 8 15 90 82 91 6 56 21 96 42 80 37 16 22 84 14 30 79 74 86 81 59 18 87 66 48 49 58 50 19 95 7 32 4 3 76 57 40 23 94 35 47 68 63 34 73 36 55 75 70 46 28 39 51 88 98 2 11 71 38
1003 48 30 97 24 47 19 98 86 100 34 60 12 93 33 51 61 54 5 43 27 62 20 74 10 90 72 96 37 78 50 66 23 38 55 9 15 21 8 68 91 41 83 28 69 79 6 11 13 2 32 14 81 45 52 76 88 75 53 29 89 80 18 40 77 57 84 58 65 85 4 56 42 59 73 26 63 36 16 46 49 44 87 99 95 94 64 82 35 39 7 92 22 70 25 67 17 71 31 1 3
1007 30 82 19 64 54 99 62 10 55 74 94 7 45 63 79 2 36 38 66 42 57 43 23 51 27 40 35 9 13 3 26 52 11 77 24 88 98 92 18 80 90 76 78 97 6 34 73 14 31 48 83 32 12 21 39 58 85 4 87 95 50 44 71 65 72 37 47 25 41 69 22 89 16 46 59 96 68 100 84 93 75 60 1 20 70 67 17 15 8 5 29 61 33 81 53 86 56 28 49 91
1000 17 60 1 31 57 81 44 88 73 96 58 21 76 61 16 98 39 74 95 28 55 92 29 89 35 45 75 34 4 23 47 11 19 13 94 38 59 50 91 40 51 18 79 71 66 5 80 32 77 82 30 69 63 83 36 67 37 24 93 14 68 64 70 78 48 85 86 3 53 41 12 43 33 54 26 42 49 56 8 10 7 52 22 65 72 9 84 15 6 27 2 99 46 25 90 97 20 87 100 62
1004 38 75 18 32 39 90 5 72 62 33 28 68 11 74 79 56 83 69 22 71 23 40 36 24 93 14 86 89 92 63 66 42 4 78 97 76 49 96 16 88 84 87 67 27 65 98 44 26 10 15 73 19 30 53 20 37 81 80 12 25 52 7 3 60 41 31 29 34 48 9 13 51 6 35 47 1 82 45 85 91 57 55 100 94 61 21 58 8 17 54 70 95 77 64 50 46 99 59 2 43
1002 49 59 90 46 57 63 8 52 82 16 22 25 14 41 34 33 86 32 29 72 24 78 56 80 51 76 87 12 30 75 10 31 1 20 83 53 42 68 11 28 71 74 62 17 91 36 61 44 40 94 66 43 3 54 27 35 47 100 26 2 69 89 4 85 92 38 77 37 88 98 6 70 48 67 65 7 99 39 55 15 64 60 81 18 50 21 73 95 13 5 19 97 84 96 45 23 93 58 9 79
1002 58 17 94 49 47 54 61 7 19 40 34 3 63 23 87 74 46 71 75 2 30 22 11 20 16 85 45 26 56 13 38 48 55 9 29 95 90 76 89 64 100 88 25 77 39 69 42 96 14 27 83 24 6 41 18 91 31 79 93 32 8 1 4 10 84 37 68 5 82 50 43 12 73 35 78 72 62 44 59 66 15 67 86 57 81 80 60 65 21 51 92 28 52 99 98 33 53 36 97 70
1008 20 32 18 16 30 88 66 58 97 90 3 51 91 49 68 14 82 94 65 42 21 92 100 73 15 89 70 47 84 67 37 11 6 64 41 81 17 13 46 98 44 31 29 22 25 38 62 99 28 54 95 87 26 34 80 33 2 1 75 56 59 93 4 45 24 5 55 39 86 52 36 50 61 10 63 85 53 48 74 76 7 35 78 19 77 43 71 8 27 57 96 69 40 12 79 83 9 23 60 72
1001 1 87 48 34 59 89 40 65 28 42 85 44 56 90 10 4 80 60 39 46 71 23 27 8 45 77 51 16 3 64 17 73 99 78 58 88 97 92 52 21 86 32 96 67 18 61 29 53 5 6 100 19 37 9 50 68 13 84 24 69 15 12 75 22 72 25 57 38 93 20 81 91 43 26 82 76 95 62 66 31 35 7 55 83 2 36 98 79 47 54 41 14 30 70 94 49 33 63 11 74
1009 17 3 20 45 81 1 98 71 7 25 79 19 85 89 57 42 95 92 83 78 52 68 100 63 12 5 38 91 46 15 56 77 6 73 10 9 97 28 61 16 29 67 41 37 80 14 55 48 65 66 74 75 36 99 62 76 47 58 33 21 43 60 32 11 90 4 40 51 22 96 82 24 84 94 69 35 70 50 86 18 59 54 93 53 8 30 13 23 87 44 31 2 26 39 27 88 72 49 64 34
1010 99 7 62 36 67 10 38 84 78 26 52 57 22 79 13 77 25 60 23 69 64 18 39 97 90 92 59 76 17 54 1 95 80 16 35 31 72 81 82 88 68 74 66 20 42 34 93 3 49 86 70 47 53 56 46 40 83 89 11 12 73 96 29 75 91 37 6 41 8 43 50 14 51 5 30 27 2 4 9 28 19 71 15 87 55 61 63 45 44 21 65 58 98 24 100 94 85 48 33 32
1007 12 93 4 9 33 86 49 13 65 84 95 20 30 17 27 23 52 77 53 98 31 16 97 19 55 18 43 59 46 57 47 74 91 82 24 14 68 37 62 39 45 5 71 34 94 56 8 75 89 38 73 70 63 22 87 66 83 21 10 7 99 69 88 2 100 40 80 50 35 32 41 72 25 26 67 58 54 60 90 81 29 3 51 15 61 79 78 96 64 36 6 76 85 92 1 48 28 44 11 42
1000 26 32 58 36 3 54 16 47 17 94 18 53 80 99 92 30 75 51 93 48 81 40 68 9 100 69 87 98 2 59 33 74 6 85 29 49 65 37 64 13 70 41 31 89 62 61 82 72 19 84 97 38 63 45 7 24 27 83 60 88 55 96 22 15 25 50 78 90 39 67 46 44 8 11 76 12 43 42 77 21 73 23 10 35 91 1 14 34 28 56 79 66 52 4 20 95 71 86 57 5
1001 86 39 42 12 13 96 62 46 49 22 14 15 93 88 2 48 18 11 72 58 17 73 33 23 61 21 84 30 95 3 76 64 77 52 89 87 65 99 92 7 63 44 45 40 31 91 25 69 68 85 9 66 56 70 38 6 97 47 51 32 75 67 8 4 78 71 43 28 80 41 53 98 1 34 5 60 50 36 59 26 74 94 57 55 10 29 35 19 20 82 81 16 54 100 83 24 79 37 27 90
1007 6 11 82 74 61 56 1 15 86 57 28 20 64 77 32 49 8 53 4 73 10 63 12 14 75 19 44 30 93 29 38 65 17 68 62 100 39 94 3 5 42 52 25 59 79 80 27 51 24 96 58 48 40 72 91 34 22 70 13 83 89 60 47 54 78 85 87 84 50 36 31 46 81 26 92 76 67 21 7 71 99 90 97 9 23 43 98 2 66 88 33 37 55 41 16 45 95 35 18 69
1009 47 45 11 99 13 14 72 15 3 64 42 83 6 82 94 74 21 61 75 27 70 44 59 40 77 32 71 67 37 73 56 7 85 80 43 51 16 22 95 8 53 19 91 20 87 24 5 36 26 81 4 10 98 1 65 46 54 93 52 49 17 41 48 33 28 31 29 92 69 90 38 25 18 86 50 76 68 66 23 30 97 96 39 100 84 63 88 55 2 89 79 58 35 12 9 57 62 34 60 78
1002 68 29 83 82 86 36 41 71 6 45 50 35 2 42 5 88 98 56 67 94 69 39 27 90 73 61 63 96 53 76 4 16 34 12 49 20 28 52 48 17 79 81 26 75 78 74 13 31 44 66 7 99 54 65 8 23 72 89 19 22 95 58 18 57 91 51 64 97 10 3 14 70 47 84 85 87 9 43 37 38 92 55 77 11 21 32 60 33 40 100 62 15 46 1 30 93 80 24 59 25
1008 1 7 43 79 58 30 52 94 83 41 87 10 3 51 37 99 72 93 86 82 20 92 77 21 46 31 34 97 73 71 63 88 24 39 23 4 35 38 81 5 85 13 44 19 98 75 11 95 18 15 78 70 28 65 68 42 33 17 27 14 67 84 40 53 56 49 76 60 90 9 8 36 96 61 16 64 6 12 47 62 26 80 57 69 66 48 50 54 25 45 55 74 89 32 100 91 22 59 29 2
1002 67 82 23 51 58 21 36 57 13 4 77 93 50 14 15 55 7 97 32 8 33 1 19 79 44 59 20 71 12 85 31 69 83 56 73 53 9 72 10 60 100 37 98 70 96 87 40 11 76 25 30 80 68 84 17 81 26 91 78 65 95 64 38 42 88 90 52 74 89 75 45 18 63 5 35 99 39 6 61 49 16 46 62 54 22 28 94 48 86 3 66 24 29 47 27 2 41 34 92 43
1002 95 13 7 15 52 56 44 37 12 16 26 58 51 32 43 2 1 85 86 23 48 74 27 53 63 89 64 73 82 96 46 50 39 91 25 36 88 54 59 61 28 20 21 34 35 72 78 94 41 30 38 19 75 6 31 47 8 55 40 45 81 80 29 5 3 22 84 68 9 70 4 18 49 17 76 60 92 65 62 79 71 10 67 42 99 69 98 90 100 33 77 24 66 14 11 83 87 57 97 93
1004 85 93 91 66 46 2 99 51 70 75 29 90 50 81 30 23 8 60 40 21 32 79 87 35 64 13 25 86 92 78 39 52 45 71 54 15 61 49 63 56 55 12 41 3 9 42 1 68 96 67 43 88 14 7 73 76 17 95 97 58 100 10 59 94 24 26 62 98 47 20 36 65 19 22 11 5 48 37 80 89 83 6 16 27 44 4 38 53 82 74 31 28 69 57 84 34 77 72 18 33
1008 72 44 21 50 92 77 46 4 8 64 85 2 27 48 84 89 34 88 24 22 79 1 76 25 81 90 39 73 54 91 18 30 69 35 63 40 5 31 93 57 14 10 49 29 65 83 16 67 96 23 53 80 82 12 74 6 42 56 9 71 28 41 55 94 19 11 43 52 13 33 75 97 99 58 60 95 87 7 98 36 26 66 38 15 100 47 32 68 17 3 51 86 20 62 78 45 61 59 37 70
1002 15 83 50 69 77 31 42 30 58 34 74 71 17 67 96 79 54 100 86 91 82 80 87 53 76 36 63 68 94 38 43 2 12 16 23 62 7 93 10 49 20 41 75 88 45 65 92 37 33 6 85 32 98 22 72 11 25 99 4 39 64 57 44 59 13 21 95 26 81 27 48 46 28 66 18 90 14 84 97 61 8 3 1 78 40 73 60 55 9 29 24 5 70 51 35 89 56 47 19 52
1000 39 41 1 82 8 98 88 75 58 7 90 47 62 28 33 60 87 59 49 79 42 2 38 63 24 77 57 54 31 53 93 27 56 36 51 18 81 50 12 73 86 91 43 15 61 76 4 94 34 44 48 40 78 83 13 65 11 14 5 30 69 67 74 85 37 99 66 10 19 32 21 96 16 89 9 26 6 45 52 71 29 80 20 55 70 17 22 92 35 95 46 68 72 3 23 100 84 64 97 25
1000 56 72 55 29 19 91 27 98 57 25 49 5 64 21 66 58 41 23 65 18 85 3 40 51 10 100 22 79 13 67 42 59 48 2 60 77 92 52 47 30 38 16 24 17 54 63 43 26 8 15 12 34 50 81 6 20 88 74 94 73 87 68 61 71 53 93 89 82 14 76 32 35 36 80 83 44 99 37 70 11 69 62 78 1 9 28 96 75 7 39 4 84 46 90 95 33 86 97 45 31
1006 8 76 55 42 26 80 21 29 41 95 67 35 43 83 11 44 72 17 88 31 40 7 94 6 45 30 97 89 77 96 56 27 62 10 81 14 99 32 86 46 16 9 69 39 92 63 57 15 60 54 24 79 70 49 38 36 75 28 87 5 18 52 47 20 2 73 68 37 13 93 4 98 34 22 91 71 59 78 33 64 23 50 19 65 48 100 90 12 53 84 25 58 66 3 1 85 82 74 51 61
1008 66 3 78 24 18 32 88 25 19 68 11 49 41 79 22 51 82 33 7 74 70 89 61 14 46 35 90 97 55 53 16 37 54 43 38 45 99 6 57 93 31 71 91 50 39 12 44 92 28 87 65 1 98 58 63 85 9 26 5 4 10 83 96 100 42 48 56 21 40 52 81 27 8 60 59 47 23 67 73 69 64 95 77 2 72 13 30 84 76 34 94 36 15 17 86 20 75 80 62 29
1000 81 37 4 60 53 71 58 75 54 52 35 84 77 62 31 21 95 29 16 76 59 97 94 80 48 43 82 83 79 3 61 90 67 70 89 10 44 92 46 66 65 22 27 8 30 96 88 86 33 49 20 6 36 64 93 14 45 99 1 91 40 47 13 12 17 7 57 85 98 15 72 26 87 78 42 19 11 9 50 18 74 24 51 5 32 34 100 63 68 2 23 38 41 56 69 25 39 28 55 73
1003 85 61 47 50 21 9 75 88 54 73 40 44 24 53 99 81 37 97 43 62 33 12 26 68 41 16 72 20 94 36 39 64 31 48 46 1 23 15 90 87 30 5 95 6 65 45 52 28 76 35 69 25 29 38 86 78 7 10 93 32 4 34 84 100 8 51 92 49 89 77 82 96 80 27 55 56 14 17 3 71 74 13 66 98 60 2 22 57 18 67 19 42 59 63 70 91 79 58 83 11
1002 29 12 59 2 18 85 6 100 96 94 91 34 62 26 37 71 15 44 79 57 75 74 43 90 88 20 67 98 78 86 36 97 89 77 52 24 61 19 17 38 46 83 22 39 33 3 11 48 13 65 66 53 95 81 51 58 99 93 72 27 5 63 84 69 25 32 1 80 35 82 55 30 21 8 68 76 9 16 54 14 47 10 7 23 31 56 73 50 45 41 49 4 60 87 28 42 70 64 40 92
1000 87 4 35 55 79 98 48 20 15 72 34 73 42 83 64 19 61 30 8 75 97 38 23 71 85 57 99 33 3 24 53 10 1 95 12 86 84 31 74 37 18 77 36 40 62 2 69 67 68 59 14 70 6 80 25 91 65 58 92 26 16 32 49 96 7 47 9 76 43 29 66 90 94 46 51 44 5 56 45 41 88 13 60 89 81 82 100 63 54 52 21 22 78 17 27 39 28 93 50 11
1010 21 80 4 61 54 26 78 35 15 86 65 82 6 99 93 57 24 33 48 79 94 3 41 14 85 31 12 20 73 40 72 77 59 8 34 51 47 98 29 67 56 30 69 74 91 52 70 9 97 53 39 38 13 75 66 100 25 45 32 84 63 81 1 37 58 42 64 5 60 23 22 27 17 18 90 68 50 36 76 71 44 92 28 87 88 10 96 43 2 46 49 19 95 11 62 55 16 83 89 7
1006 84 27 71 67 75 54 14 48 81 1 78 25 93 3 40 100 38 17 85 53 95 4 50 88 23 47 20 94 13 61 51 79 66 60 77 11 28 97 10 82 57 46 39 2 22 72 90 37 31 5 16 87 59 18 55 44 29 15 89 33 9 80 49 58 99 96 30 43 24 52 12 74 76 91 6 45 26 68 92 98 86 41 64 63 34 19 35 69 70 56 32 73 8 21 7 36 62 83 65 42
1010 87 52 95 36 69 66 88 97 50 84 29 4 48 96 60 10 19 37 30 70 74 20 42 68 85 92 71 63 58 59 76 77 45 82 23 57 12 32 94 53 65 72 54 5 83 31 2 6 17 51 89 33 81 43 35 46 93 47 38 41 40 79 91 11 24 44 55 28 22 26 7 16 25 73 15 56 13 64 9 3 86 14 49 27 67 39 90 18 34 98 62 99 100 1 21 80 8 61 78 75
1005 31 48 91 73 44 69 81 80 75 19 67 10 15 52 53 35 94 39 11 57 59 14 51 43 33 86 89 71 18 36 46 64 66 95 100 55 21 32 2 22 63 17 45 54 3 41 50 60 49 37 99 72 90 56 93 58 42 6 83 38 34 7 26 20 40 25 24 1 85 79 68 82 97 65 23 9 98 28 96 16 8 77 84 27 78 47 62 74 87 29 30 92 12 13 61 4 70 76 5 88
1002 36 70 94 44 87 15 58 35 5 83 92 46 25 38 28 41 73 97 90 33 85 18 56 84 57 63 61 68 49 31 89 27 96 47 80 23 75 40 32 3 42 13 81 54 72 93 65 19 69 71 34 4 29 6 64 20 39 62 14 30 9 16 12 7 8 88 21 59 82 66 52 86 99 1 55 11 79 37 91 50 17 43 24 95 51 60 48 78 77 76 74 45 53 26 98 22 100 10 67 2
1000 91 34 37 97 42 81 27 12 96 4 46 19 43 22 82 62 95 48 84 94 92 69 41 29 80 40 87 14 54 76 44 7 71 61 33 70 9 90 59 20 55 64 99 100 88 11 53 83 28 30 74 3 78 8 60 21 10 67 79 15 73 86 52 93 26 85 31 63 39 13 51 89 17 35 38 32 77 58 5 57 25 66 45 56 49 16 98 23 65 2 72 24 68 6 1 36 18 47 50 75
1006 64 40 63 30 96 41 81 34 1 20 23 16 94 8 97 84 21 27 87 25 15 29 65 58 99 56 93 67 49 31 6 42 70 88 38 55 9 77 17 4 48 62 13 2 22 57 5 39 54 36 80 61 90 69 66 75 47 83 7 11 45 44 53 89 32 68 35 78 43 14 92 33 95 12 73 3 10 46 86 91 50 19 60 82 52 76 59 37 100 24 85 74 71 98 26 28 51 18 72 79
1008 4 76 7 51 55 14 11 47 81 53 41 82 52 3 49 89 12 9 43 21 32 61 96 57 34 98 99 59 37 78 48 22 8 50 86 87 93 10 27 68 100 13 80 84 6 42 29 25 28 30 92 39 97 24 18 75 54 56 83 72 95 65 77 2 16 63 69 94 40 1 85 71 79 35 33 17 91 60 44 45 36 70 62 20 46 66 64 67 31 90 23 73 15 74 38 5 19 58 88 26
1006 21 38 2 76 40 45 42 87 20 19 47 15 17 7 32 54 94 28 92 11 88 89 6 74 37 98 77 5 31 66 57 93 69 25 3 41 71 61 86 4 90 36 95 99 52 58 75 43 68 34 23 80 18 62 46 39 53 79 24 60 59 30 16 96 10 35 14 1 81 72 49 29 27 100 73 91 97 85 78 56 55 64 83 67 70 44 26 33 13 84 50 65 63 9 8 48 51 82 22 12
1009 21 45 64 22 39 46 56 33 41 3 25 17 5 67 68 38 24 89 7 36 54 49 78 72 8 79 61 66 80 96 100 98 85 32 34 84 69 62 50 1 95 97 92 19 65 40 53 91 83 88 73 20 57 9 51 35 6 13 70 76 28 30 29 99 44 90 93 26 2 37 74 60 16 4 81 59 82 14 87 58 42 63 71 11 12 18 10 23 27 77 48 43 94 15 52 55 31 75 47 86
1004 47 74 75 66 68 52 9 28 43 26 70 55 100 1 82 23 81 79 18 56 91 46 69 20 59 21 29 27 72 16 30 38 22 61 54 31 19 6 51 90 14 48 80 11 89 95 67 53 13 96 73 39 92 2 65 17 99 76 85 63 4 40 10 93 3 41 34 88 64 71 77 83 15 7 84 57 45 98 94 5 62 12 8 33 25 44 86 37 58 42 78 24 32 35 50 49 36 97 87 60
1005 34 81 65 57 26 66 10 40 25 17 23 22 90 28 39 73 68 3 13 87 44 98 12 82 30 86 14 64 42 36 6 24 92 63 61 9 69 94 99 45 35 2 47 93 77 83 19 54 21 89 1 59 100 53 16 5 75 70 62 33 46 97 52 27 37 11 32 60 78 55 18 15 8 56 41 76 7 4 20 71 51 96 31 67 80 29 38 88 50 95 48 84 74 85 79 43 72 49 58 91
1004 58 83 6 39 36 51 25 86 5 41 21 89 91 60 31 13 57 17 9 26 81 8 22 75 2 24 10 47 74 59 30 15 85 73 53 56 52 82 23 78 11 65 1 4 95 40 94 38 7 32 49 48 90 62 66 18 72 45 99 16 44 93 55 84 76 64 61 33 50 77 68 19 35 80 54 87 63 100 46 34 20 92 43 67 79 96 14 29 12 3 42 88 98 97 37 71 70 69 27 28
1007 80 85 47 68 65 78 89 19 50 83 37 1 98 22 2 72 59 56 9 28 70 38 87 8 3 69 88 46 100 61 13 39 57 51 76 95 90 97 36 94 15 41 34 17 35 60 64 11 7 79 91 86 55 75 5 33 43 18 49 32 29 73 6 84 16 96 10 48 54 81 44 92 40 67 45 77 93 31 74 52 23 21 24 82 27 99 66 20 4 14 30 71 63 42 26 58 12 53 25 62
1004 28 20 91 83 7 65 30 1 81 11 10 97 87 63 74 24 59 6 62 33 95 78 98 31 44 76 23 39 41 69 90 56 94 86 67 15 79 71 36 8 55 29 17 35 52 99 4 57 42 26 72 73 88 82 60 45 68 51 58 53 34 22 92 93 16 19 50 89 66 13 3 75 77 84 85 21 54 9 40 38 70 48 47 14 43 49 61 46 37 25 12 5 2 27 64 96 100 80 32 18
1003 66 51 78 96 8 19 43 59 92 41 1 89 5 49 39 98 38 58 47 63 18 53 13 31 20 40 12 17 6 37 83 35 70 86 90 23 73 29 48 67 54 42 4 94 93 14 45 81 75 27 16 71 79 26 7 30 88 52 99 60 46 97 91 11 82 9 95 76 33 28 61 55 57 68 22 85 65 24 64 62 2 77 36 72 100 44 69 25 3 74 21 50 34 15 87 84 32 56 10 80
1000 84 69 73 79 46 32 10 2 17 78 58 86 40 93 45 3 75 92 38 61 36 65 20 19 97 59 24 67 71 25 96 16 27 99 82 41 31 22 55 48 33 100 5 68 23 64 11 70 76 15 66 91 83 44 51 85 1 63 52 29 35 54 80 87 77 37 14 6 47 26 28 39 43 13 94 89 88 18 57 98 74 56 81 30 21 50 72 9 49 60 4 62 95 42 34 53 8 7 90 12
1001 36 71 85 91 53 46 24 37 81 13 35 58 77 19 42 66 100 97 68 62 80 59 94 87 78 57 20 99 70 14 86 47 64 49 1 65 15 16 12 4 30 73 9 75 98 82 72 61 93 44 21 45 18 79 40 74 7 29 43 67 6 3 89 23 95 41 25 22 10 76 26 8 2 11 17 28 33 50 90 60 56 63 83 27 55 96 84 32 51 39 34 54 38 92 31 48 5 52 69 88
1000 40 60 32 44 39 6 49 11 55 9 69 24 96 29 7 26 70 14 1 2 93 3 51 73 16 64 79 31 19 89 21 33 59 86 85 46 41 10 53 25 43 87 38 66 35 28 48 22 47 82 94 62 72 34 8 20 90 56 27 50 57 63 12 97 74 4 18 67 5 98 76 65 54 92 30 36 91 78 71 99 80 45 42 95 68 84 37 58 83 81 88 75 52 61 100 23 77 17 15 13
1002 76 36 53 13 44 35 5 70 56 71 3 78 73 59 28 55 11 72 54 84 42 16 7 38 47 57 43 37 80 24 50 8 32 98 90 26 51 52 87 97 81 79 100 1 67 23 94 9 18 74 21 88 17 10 64 40 86 65 99 4 14 33 91 58 29 83 15 92 82 46 66 63 2 96 61 68 30 60 95 85 39 34 27 41 25 75 22 12 20 19 48 89 93 69 77 45 6 49 31 62
1008 57 41 68 80 84 30 26 11 93 56 61 74 69 7 45 46 3 60 24 63 85 77 5 99 72 65 58 29 35 81 83 40 18 9 23 89 1 52 14 67 19 4 94 53 98 64 90 31 96 82 88 33 55 87 17 12 43 91 34 36 92 42 21 28 62 32 100 73 95 78 6 75 15 79 38 13 51 49 86 8 97 59 44 48 37 27 10 71 76 2 54 20 16 47 39 22 25 70 66 50
1008 43 52 94 9 81 24 4 83 22 2 96 36 31 70 95 65 7 63 42 72 3 78 56 69 100 35 62 58 19 41 68 25 49 17 29 76 34 6 18 28 26 80 60 51 55 61 85 97 74 77 46 12 39 88 5 47 57 79 48 89 8 86 82 90 71 15 21 27 53 44 64 38 67 45 92 16 11 50 40 75 10 33 54 30 37 1 84 91 13 23 59 14 32 98 99 93 73 66 87 20
1009 89 33 65 1 32 76 21 14 61 43 22 8 57 29 44 69 63 81 52 88 85 86 46 55 41 97 75 53 20 26 91 95 38 25 66 13 100 98 17 96 9 24 58 62 3 64 6 19 83 54 28 18 2 23 82 77 35 48 16 80 59 79 40 70 56 47 27 74 73 68 31 11 15 93 36 45 12 94 67 34 49 30 99 37 71 87 78 4 10 84 51 90 50 39 72 92 5 42 7 60
1005 14 66 79 75 30 89 50 4 9 84 34 82 53 23 56 10 33 45 42 90 3 91 57 71 19 49 17 46 77 51 41 26 68 81 65 31 64 8 15 98 88 76 78 24 25 100 54 20 73 7 62 67 35 87 95 27 63 92 61 59 40 43 83 85 36 80 60 44 11 47 32 39 13 12 37 48 29 55 6 69 2 18 52 74 58 86 93 1 96 97 28 21 22 16 94 38 5 72 99 70
1001 52 50 49 92 54 30 96 60 88 79 34 28 11 62 24 18 6 42 25 87 45 22 44 32 77 82 5 56 37 15 38 10 31 85 61 94 99 93 98 57 80 48 2 73 70 47 58 81 63 71 64 97 78 89 7 91 43 16 59 39 51 84 41 21 90 74 83 14 20 36 26 86 69 53 72 13 67 19 33 35 66 12 46 17 55 76 29 23 65 9 1 40 68 100 75 3 27 8 4 95
1007 28 94 56 91 95 38 57 23 45 54 79 37 18 100 42 36 70 9 19 99 98 3 58 39 80 62 72 26 47 86 11 15 87 97 83 1 25 96 49 2 65 55 84 17 35 46 8 29 43 41 52 71 44 33 59 90 50 68 67 7 13 81 78 6 92 24 14 22 53 32 85 30 66 20 75 60 12 51 73 34 93 16 31 64 74 27 48 89 76 77 63 69 61 40 88 5 10 21 4 82
1001 50 15 99 44 36 77 72 69 27 24 82 84 11 75 92 13 76 68 48 100 91 61 35 12 80 18 25 55 23 47 43 66 57 33 31 52 70 20 74 51 10 19 78 67 59 65 98 4 1 64 86 53 97 40 58 85 79 26 81 73 17 38 16 87 62 54 93 34 45 6 42 9 63 56 21 95 60 88 2 94 3 28 29 83 90 46 8 30 89 37 32 41 96 39 49 7 14 71 5 22
1003 21 18 78 61 79 86 31 2 46 39 100 77 47 34 43 33 50 76 75 49 26 11 27 3 44 97 57 60 93 5 89 85 71 68 6 55 42 37 16 80 22 10 45 36 15 9 81 69 41 92 90 87 58 51 84 53 35 8 59 64 23 1 19 67 82 20 65 12 29 14 13 83 95 94 70 73 30 48 74 62 72 32 17 40 66 28 7 91 54 52 96 24 4 88 63 38 25 56 98 99
1000 30 3 21 78 10 91 8 70 74 7 55 69 71 83 98 26 38 80 20 29 37 79 17 100 81 68 75 52 12 49 2 35 84 53 62 45 97 86 41 4 43 96 92 23 89 6 99 88 19 42 27 56 50 54 57 24 47 16 87 11 31 33 34 82 66 65 64 28 44 22 9 1 72 85 5 18 93 32 94 13 46 90 15 67 77 73 59 58 60 95 61 39 76 48 51 63 14 36 40 25
1009 91 51 55 65 16 79 32 48 94 85 13 3 82 2 56 98 61 81 52 100 59 8 49 37 78 57 11 14 72 58 86 42 60 74 21 89 31 66 70 9 10 84 71 47 68 19 12 1 67 50 63 53 93 29 87 46 15 34 88 43 24 7 4 26 40 27 35 99 28 30 69 96 20 17 25 36 22 75 44 39 41 62 18 33 23 73 45 97 83 77 80 95 5 92 64 76 38 54 90 6
1002 38 36 39 41 9 74 78 93 53 49 81 37 62 31 92 87 16 28 67 29 8 33 3 64 61 23 44 88 12 34 55 27 7 79 83 50 69 2 96 42 14 56 26 51 66 97 52 30 99 54 91 13 98 58 40 43 72 32 82 75 5 76 25 57 15 71 68 22 17 85 24 80 4 65 18 94 89 35 90 19 60 10 45 11 21 70 63 47 46 73 48 6 20 1 84 100 86 59 77 95
1003 92 33 30 59 62 49 77 61 37 73 87 19 13 63 24 86 89 6 1 99 44 17 98 70 21 38 45 97 79 76 39 52 26 75 60 36 48 81 4 94 71 83 12 35 10 34 93 55 84 41 7 18 82 67 22 51 88 56 42 53 40 28 20 72 31 47 57 43 5 14 29 95 78 68 74 90 65 27 15 58 69 91 11 100 80 85 3 96 64 54 8 9 23 66 2 25 46 32 16 50
1008 46 11 26 35 54 64 16 57 24 47 31 49 36 61 9 98 5 4 89 38 6 77 97 70 53 7 55 99 27 19 93 67 62 58 52 15 28 65 20 1 59 21 56 34 85 94 42 32 22 17 92 73 2 63 75 100 95 88 76 74 84 83 78 44 41 14 96 50 43 10 18 91 48 39 80 68 51 30 87 60 25 69 23 79 66 72 71 45 37 40 81 33 86 12 90 13 82 3 8 29
1000 60 35 36 55 14 57 66 10 65 71 98 38 4 89 50 34 19 22 21 67 24 59 53 63 97 9 6 28 27 91 49 86 85 76 56 61 82 90 29 92 44 7 77 42 58 93 83 70 13 95 48 18 2 51 87 32 88 74 46 94 26 37 25 62 99 84 8 15 47 39 30 16 17 72 80 78 31 96 3 73 81 43 75 40 79 45 69 68 5 52 12 20 23 64 1 54 100 41 11 33
1008 92 70 58 15 49 64 10 44 19 84 73 56 54 87 35 39 90 82 9 72 7 11 67 95 78 62 8 55 25 37 4 2 29 16 48 6 30 24 17 76 99 31 71 89 63 52 46 79 93 96 57 36 68 5 77 26 83 53 66 65 43 38 69 23 28 50 75 22 40 34 12 3 80 59 97 81 98 20 42 1 14 60 45 18 21 27 47 94 13 88 85 74 41 100 51 86 61 33 32 91
1001 76 8 81 22 71 27 40 97 53 36 60 12 61 39 59 30 93 6 83 37 89 47 16 78 56 75 85 90 34 86 51 26 95 35 50 65 7 98 24 77 80 2 58 1 92 99 13 69 32 23 84 64 74 73 43 45 55 31 29 38 63 41 54 3 52 11 70 67 25 15 57 48 14 72 17 79 94 5 91 20 46 66 21 19 49 68 33 62 9 42 100 88 18 82 44 28 96 4 10 87
1001 30 87 49 75 52 50 38 21 94 12 5 25 73 90 27 88 57 20 23 96 83 29 67 97 32 76 4 28 1 17 63 66 40 42 64 26 31 41 37 13 62 69 10 71 47 51 98 72 48 7 45 3 93 39 58 77 61 44 18 99 74 14 81 24 2 43 36 86 15 54 80 59 34 65 70 46 95 56 35 33 11 16 8 9 55 60 85 89 82 100 53 84 19 91 6 79 78 22 92 68
1009 59 58 26 87 19 52 22 67 70 3 64 44 71 85 25 34 55 72 94 38 32 61 95 47 76 13 98 8 5 18 29 45 7 20 86 42 1 77 46 57 92 74 60 49 62 39 36 90 28 73 30 14 15 2 48 24 65 35 53 75 88 16 80 84 54 17 4 31 21 81 27 96 33 79 10 41 23 37 78 89 6 40 9 12 50 83 93 56 63 82 68 43 66 51 99 69 91 100 11 97
1009 27 55 59 8 75 67 71 94 65 64 90 38 72 53 1 85 56 48 100 11 22 32 47 84 45 89 16 17 50 18 66 25 80 57 54 61 4 35 14 62 15 12 63 76 74 96 52 7 92 78 93 97 5 43 60 91 68 79 31 44 19 40 77 98 37 88 2 70 86 49 9 99 28 36 6 73 34 3 39 69 24 21 82 42 81 23 29 20 46 87 58 13 10 51 33 83 95 41 26 30
1008 66 62 39 17 82 22 7 6 46 57 10 90 19 65 72 3 14 29 89 49 11 91 96 16 59 5 38 74 95 35 92 9 71 40 21 58 56 68 43 60 75 25 32 15 85 94 34 53 27 23 83 99 13 18 80 31 33 30 70 50 93 88 44 78 73 79 41 77 4 67 48 87 28 47 97 24 76 52 8 26 100 20 45 2 1 54 36 81 42 51 64 84 55 98 86 37 61 12 69 63
1010 80 42 91 29 81 56 17 99 88 71 31 85 78 37 63 79 76 38 65 61 73 12 62 3 96 34 87 89 15 53 2 75 35 39 11 86 54 72 84 55 64 43 58 77 49 69 66 19 26 44 48 74 18 25 98 16 94 52 40 33 92 32 28 22 4 83 20 70 100 95 51 24 8 93 27 97 10 21 82 67 1 9 23 30 13 68 14 90 36 47 6 41 5 50 45 7 60 57 59 46
1008 8 98 7 75 48 4 9 45 100 69 68 84 33 78 65 58 29 46 67 81 89 82 56 49 63 37 34 94 16 90 39 50 41 54 76 80 71 88 72 64 38 26 96 2 97 10 53 43 77 70 73 22 99 95 91 31 86 83 35 87 30 6 52 79 92 74 55 85 28 62 32 19 21 57 12 40 60 24 18 47 51 93 13 44 25 66 3 5 11 42 20 23 36 14 61 1 27 17 15 59
1004 33 48 60 95 16 67 86 76 34 1 66 62 50 36 89 6 15 49 11 70 77 17 2 97 3 100 79 98 88 93 13 75 7 26 73 27 43 58 59 10 18 12 64 78 71 35 65 44 61 8 81 5 92 68 4 85 52 94 14 56 41 45 21 57 96 30 46 19 31 91 80 90 47 20 32 74 28 29 25 23 72 63 54 51 69 40 82 84 83 99 39 37 42 24 87 22 9 38 53 55
