100 100
1004 6 54 60 88 47 25 38 72 89 43 34 79 66 84 4 90 85 67 45 16 52 97 15 64 65 78 12 26 75 21 70 96 9 39 91 30 59 40 86 99 20 46 53 27 76 80 62 17 71 18 63 33 68 92 29 8 22 94 5 73 87 77 11 82 35 48 3 1 44 2 24 50 61 83 100 37 23 28 55 56 69 31 41 14 98 19 49 13 36 95 57 74 58 32 81 7 93 10 51 42
1008 47 63 56 7 28 88 87 94 32 33 97 76 9 30 73 50 98 68 57 89 79 51 44 64 86 54 67 21 100 17 99 35 61 6 43 58 13 93 12 66 38 41 20 3 84 95 23 62 59 75 15 26 65 46 14 74 1 27 37 85 53 81 72 49 2 96 60 34 90 5 19 25 18 8 45 4 31 78 52 29 77 80 71 69 48 39 36 22 91 42 40 24 92 83 70 11 10 16 82 55
1010 65 92 83 22 16 53 30 20 78 95 56 38 69 37 86 7 34 87 12 82 27 52 3 48 42 60 43 77 89 88 66 98 97 57 25 81 76 45 64 94 28 50 33 9 44 99 75 19 49 100 5 29 55 11 70 39 80 68 36 54 18 73 24 21 63 67 26 8 15 74 17 85 59 2 23 47 31 40 6 13 1 79 61 96 91 93 4 84 51 72 32 35 62 41 58 10 46 14 90 71
1001 39 94 29 5 82 53 57 63 17 3 68 56 54 91 80 1 47 44 28 90 74 64 11 9 31 30 85 20 14 16 42 38 92 97 66 6 73 95 55 70 62 34 7 13 40 96 24 83 45 35 18 79 37 72 12 10 2 76 86 26 51 59 84 75 21 52 22 69 43 61 81 58 19 49 15 78 46 87 50 4 33 32 41 88 71 8 48 89 93 25 65 27 36 23 60 98 99 100 67 77
1004 4 10 96 91 19 75 1 49 34 67 63 47 6 46 65 50 66 29 38 68 42 37 70 69 17 92 11 62 78 98 26 79 76 2 85 14 31 28 27 18 84 8 52 32 71 20 7 64 82 72 54 60 15 57 40 43 59 30 12 77 95 36 74 58 94 39 83 45 97 99 3 86 56 87 88 23 81 73 61 48 55 89 35 22 16 93 90 80 41 25 100 9 33 13 24 53 44 5 21 51
1008 11 67 38 63 26 25 43 52 70 21 91 57 92 22 31 17 9 12 85 42 55 1 69 18 19 2 60 87 58 93 3 4 46 84 89 88 40 48 54 98 79 94 97 47 53 39 8 16 23 75 61 95 56 51 33 41 77 15 45 99 32 35 66 81 27 37 59 73 100 90 68 82 83 86 65 13 28 36 71 6 96 30 14 72 7 62 76 10 24 29 20 49 5 34 50 80 78 74 44 64
1003 99 3 35 62 12 59 63 81 37 73 87 23 80 39 95 4 41 65 67 53 92 5 84 49 91 14 86 61 28 44 98 45 88 25 31 1 7 54 83 69 27 93 16 30 75 78 13 24 66 76 22 2 71 96 72 52 33 64 46 9 15 19 85 11 90 36 29 43 42 70 48 74 94 47 57 51 79 97 18 8 60 68 32 10 40 21 26 82 58 100 38 17 6 20 77 55 50 34 56 89
1007 4 47 88 38 66 33 57 81 78 2 65 80 26 90 32 17 28 46 48 5 99 18 69 20 31 45 87 15 40 100 83 70 11 34 86 52 74 36 29 76 55 59 44 37 54 68 79 27 14 73 72 12 71 93 56 10 43 22 53 64 63 3 98 16 19 25 7 50 24 23 95 13 77 8 97 85 58 60 89 42 91 92 84 61 41 62 30 82 49 75 6 35 9 39 1 96 51 21 94 67
1001 20 15 79 35 24 31 43 61 59 78 56 68 72 17 13 1 6 84 54 34 94 67 46 51 92 93 18 60 12 80 58 62 85 70 25 11 96 7 22 91 39 30 8 38 90 36 53 5 95 29 82 100 45 86 73 19 27 10 89 23 16 40 99 69 41 74 64 4 98 87 26 57 63 33 81 75 9 76 47 28 52 21 55 66 83 50 44 71 42 48 65 77 2 3 14 49 32 97 88 37
1008 57 16 58 91 70 92 68 89 7 18 74 61 5 1 51 11 80 97 12 8 25 78 73 53 69 34 96 13 3 50 24 67 75 90 22 19 42 55 40 6 44 14 4 26 85 9 94 17 10 27 99 59 82 81 28 39 93 30 62 54 52 21 36 63 66 77 15 98 33 37 84 87 46 32 45 35 29 65 47 38 95 43 64 100 88 72 56 31 41 2 23 48 60 76 79 86 49 83 71 20
1004 24 99 84 54 38 79 78 19 59 2 82 20 61 7 25 89 86 9 63 88 90 62 58 1 68 37 48 17 98 12 65 76 10 75 22 42 97 16 49 44 43 85 71 87 45 30 28 56 36 31 23 32 6 50 73 15 74 35 40 95 55 93 29 5 96 21 53 52 57 46 39 3 27 18 64 41 70 51 77 72 94 60 100 14 83 8 67 69 13 33 34 26 66 80 81 11 4 47 91 92
1004 91 59 53 68 44 37 2 35 52 16 90 41 89 63 98 32 61 4 24 6 94 81 84 76 69 17 60 64 34 71 77 14 82 43 83 7 97 99 100 51 39 1 36 49 45 47 55 54 23 50 8 27 5 93 88 42 65 62 78 80 95 26 21 9 25 38 57 48 72 28 15 58 33 18 46 86 66 74 12 29 10 67 30 20 73 79 3 31 40 92 75 19 56 96 87 85 13 11 22 70
1006 50 71 82 17 7 19 26 77 78 59 99 81 64 60 95 34 97 28 55 9 58 31 25 69 68 56 13 48 14 72 62 36 8 21 29 85 2 83 86 3 32 100 93 47 79 52 51 90 57 76 53 49 11 15 1 73 35 39 22 65 89 6 38 16 20 43 12 10 23 5 63 98 46 66 70 61 84 45 74 75 94 33 87 92 44 41 88 96 18 4 37 54 67 24 30 40 80 42 27 91
1003 65 12 37 57 86 32 64 46 55 67 88 78 30 51 43 22 71 7 49 52 26 82 44 59 94 87 53 77 5 69 80 11 39 76 42 14 40 81 83 63 35 73 97 84 62 90 48 25 13 18 4 21 41 99 50 29 45 93 96 47 6 91 24 9 17 74 58 72 20 2 54 98 10 92 3 66 34 38 8 15 68 33 28 75 1 89 23 60 85 16 95 36 61 31 56 19 79 70 27 100
1009 31 69 81 4 24 88 63 38 72 41 98 71 25 48 70 55 58 36 26 9 40 92 28 74 64 34 17 62 66 93 21 39 87 51 11 22 8 84 49 99 75 96 79 77 82 67 6 3 33 45 46 90 20 56 65 43 1 86 37 14 7 19 13 5 73 100 76 15 35 60 52 18 2 97 83 30 10 95 80 61 57 54 29 23 91 85 78 50 32 53 44 12 68 27 59 42 94 47 16 89
1009 90 42 89 37 95 51 77 22 14 91 24 92 61 81 41 83 9 8 13 44 93 3 46 33 85 49 53 62 4 6 26 63 28 58 98 78 94 25 10 34 66 48 45 23 79 68 97 67 20 5 72 11 99 71 54 16 27 47 82 1 12 74 21 60 32 59 30 70 73 31 80 17 29 36 86 64 55 87 7 38 88 65 39 15 69 35 52 100 19 75 96 50 18 84 40 2 76 57 56 43
1005 99 7 47 28 55 43 69 23 68 67 66 53 70 93 3 72 15 44 79 85 12 82 78 32 14 58 49 91 83 81 2 38 1 11 31 30 61 13 36 57 65 20 42 63 9 48 45 24 60 22 84 29 88 100 16 89 35 6 27 25 21 75 46 8 18 33 10 73 40 80 77 95 64 54 94 90 37 5 17 96 62 92 19 97 98 50 74 4 86 56 51 39 76 87 41 71 59 52 34 26
1004 33 53 43 84 9 8 70 85 57 10 71 65 83 11 69 36 44 37 74 95 90 97 94 67 15 16 50 80 41 1 82 7 30 62 76 55 2 18 88 89 31 21 56 29 60 5 40 19 73 20 14 42 17 81 23 32 68 92 98 59 26 27 64 93 54 34 96 3 24 46 100 77 38 72 28 99 86 91 79 52 4 58 12 25 87 51 6 75 39 35 49 47 22 61 66 13 78 63 48 45
1000 2 75 11 84 70 60 59 55 19 45 34 76 33 8 77 3 100 40 25 24 94 14 52 21 99 36 97 89 61 41 56 7 44 91 54 31 9 29 81 57 23 20 63 96 73 16 58 30 71 95 82 18 46 69 17 43 92 47 4 42 79 80 27 15 93 5 39 74 88 22 87 51 68 10 67 28 32 26 83 98 12 35 65 90 49 38 86 13 37 72 50 53 85 1 66 78 62 64 48 6
1008 15 80 64 50 98 19 3 92 55 99 69 45 95 6 5 40 93 28 68 84 16 36 57 63 90 18 13 56 23 25 35 39 34 37 2 38 9 43 53 86 33 27 20 67 72 89 22 29 81 51 62 48 91 24 60 30 87 26 79 75 65 47 94 83 61 78 66 76 17 49 70 21 1 41 44 71 7 100 14 74 97 73 54 31 82 10 4 8 52 58 96 12 88 11 42 77 46 59 32 85
1000 19 93 70 33 20 40 15 30 85 29 27 83 7 6 68 72 5 10 54 99 56 76 88 60 22 45 21 28 75 73 100 4 80 91 2 3 38 18 23 71 41 1 79 95 32 8 52 58 44 87 48 86 97 36 49 57 13 39 35 65 59 11 89 78 64 17 81 63 37 12 74 53 62 98 69 55 26 50 77 34 42 31 16 90 46 82 66 96 67 61 9 84 25 47 92 94 24 14 43 51
1000 3 86 82 84 92 97 20 74 9 1 21 16 66 61 43 68 73 62 94 89 29 12 25 35 36 51 59 27 72 52 48 99 2 47 39 53 38 30 14 49 13 34 7 70 32 8 65 100 56 42 55 15 69 85 45 37 10 24 78 46 95 31 44 33 6 22 11 54 77 28 93 75 87 83 58 40 76 79 88 91 60 5 23 71 90 26 50 4 80 41 81 64 98 67 96 17 63 19 18 57
1000 19 91 16 17 15 34 32 66 24 77 74 9 67 81 52 93 75 37 43 49 18 11 12 7 42 62 83 22 69 28 68 92 6 71 2 90 26 27 13 55 65 4 41 47 82 36 80 45 61 96 40 85 39 31 5 76 70 79 14 29 59 97 8 53 21 44 95 25 56 88 1 54 51 23 33 86 30 63 100 38 10 58 48 98 60 78 73 50 20 46 99 72 3 94 35 64 89 57 84 87
1004 9 10 8 23 1 21 72 38 69 70 53 49 83 66 19 29 11 34 27 64 76 54 100 62 52 48 79 59 39 57 42 51 97 44 58 35 93 91 87 22 80 84 2 16 85 46 47 41 95 26 32 4 75 12 92 67 31 94 45 55 5 40 63 56 90 20 60 15 86 25 33 13 43 74 71 81 89 96 28 68 17 6 24 61 30 37 88 82 73 77 7 36 78 14 50 3 18 99 98 65
1006 85 16 34 66 49 7 59 60 53 99 100 52 37 19 31 35 24 32 96 61 38 36 95 1 40 63 84 89 94 90 80 6 42 28 43 69 22 97 58 56 13 74 30 48 65 46 79 9 20 21 15 14 26 75 64 2 47 29 92 12 18 87 55 54 4 33 73 50 45 70 3 98 44 68 78 57 41 39 67 8 81 88 72 25 71 10 83 82 91 23 27 62 5 86 51 11 77 17 93 76
1005 1 69 64 44 35 54 48 7 92 24 93 95 45 33 65 77 34 68 16 96 55 32 26 53 4 11 37 90 3 8 46 49 38 17 66 88 61 78 74 5 31 94 30 98 12 86 59 57 56 36 83 76 13 60 27 82 75 21 51 85 43 84 28 73 91 42 99 71 89 2 22 18 63 39 50 62 15 9 41 100 10 19 29 23 20 70 14 6 97 47 81 58 87 25 80 40 79 67 72 52
1006 25 13 93 85 9 75 68 39 71 89 70 46 38 78 18 52 2 24 53 95 79 30 72 86 59 54 84 1 31 82 90 17 36 96 47 88 28 6 40 8 45 49 69 48 44 58 15 57 35 51 42 92 5 67 50 11 63 98 26 37 87 64 80 27 74 77 33 12 16 4 34 14 81 19 41 91 3 65 56 22 99 43 66 32 94 76 29 61 83 10 7 62 55 73 23 100 60 20 21 97
1009 13 3 70 59 52 18 90 33 54 35 98 4 71 25 100 92 23 53 29 91 16 41 99 28 81 30 62 39 22 64 61 86 6 38 55 97 84 24 63 95 34 37 9 89 60 58 36 66 27 17 15 49 10 93 75 5 32 11 21 80 65 69 44 46 12 83 47 45 51 1 76 26 50 2 7 72 57 40 67 78 20 73 68 42 77 85 48 31 14 88 82 96 43 19 87 79 74 8 94 56
1000 12 69 34 20 80 59 97 45 93 61 42 88 47 13 19 55 30 67 49 73 46 71 15 10 7 58 23 66 86 2 85 94 75 25 16 26 33 60 74 9 82 1 22 41 91 5 83 11 52 98 29 54 8 65 81 72 77 90 17 95 32 21 79 36 51 62 48 4 6 92 44 37 78 87 68 57 18 56 14 70 89 96 63 35 43 28 64 76 100 99 27 3 38 24 50 84 53 40 39 31
1005 25 8 24 92 40 16 17 97 46 11 13 35 53 91 61 57 12 64 62 45 30 19 100 80 18 15 36 55 37 20 77 4 88 98 84 54 60 14 78 28 73 68 49 26 71 66 76 29 6 95 9 27 41 81 23 67 2 44 96 10 47 75 50 5 86 69 82 1 42 58 51 93 33 74 63 59 38 87 94 65 32 90 43 39 56 72 3 34 21 89 79 7 31 52 99 83 70 22 48 85
1000 50 31 60 83 78 52 30 66 15 56 61 26 70 3 51 82 7 40 85 29 64 9 89 74 4 84 91 65 17 22 36 13 49 96 47 21 86 38 94 35 46 59 92 2 32 63 75 10 99 54 68 53 6 77 73 18 87 71 69 19 41 24 97 39 33 98 5 14 45 16 48 37 11 93 67 44 81 58 34 95 27 79 80 28 1 20 43 42 55 12 23 76 57 100 72 25 62 88 8 90
1010 46 25 12 11 61 65 66 56 47 33 81 35 23 36 84 57 3 82 22 1 54 83 76 32 9 8 89 45 6 2 72 10 5 92 64 44 34 70 13 90 73 71 67 31 16 60 30 55 94 41 39 43 50 7 26 69 79 62 58 96 29 88 17 38 59 14 27 15 49 68 86 91 100 63 53 18 20 52 48 28 21 98 78 75 77 85 51 40 42 99 87 4 37 74 19 95 24 80 97 93
1000 96 29 26 67 86 58 74 3 4 50 63 14 42 13 27 2 72 89 32 77 45 10 92 69 35 37 71 8 24 82 73 11 5 57 6 98 75 93 49 41 70 47 91 20 30 65 16 43 21 9 19 64 34 87 62 48 46 1 7 66 97 88 99 33 78 60 83 51 12 15 53 28 84 79 90 25 80 56 68 17 95 59 52 94 39 54 36 55 61 22 81 44 18 40 76 85 31 38 100 23
1001 78 68 7 97 42 93 95 8 52 12 89 58 98 75 10 33 6 2 41 70 77 100 71 38 29 76 55 62 92 54 3 16 30 69 57 61 27 39 48 20 67 23 24 96 99 80 21 64 53 72 43 34 63 40 32 1 45 5 88 44 28 37 90 18 83 86 84 66 26 36 4 19 81 73 31 50 79 17 85 22 87 15 35 9 11 56 25 49 47 91 74 82 94 51 59 13 60 14 65 46
1005 19 5 14 83 66 3 89 71 31 96 26 60 1 91 52 2 53 45 59 50 97 8 98 15 72 88 90 49 85 32 86 16 70 62 78 42 34 4 63 76 40 94 7 24 68 33 99 51 64 75 95 100 18 48 17 81 23 28 84 39 77 56 35 44 10 82 36 92 73 9 58 57 67 87 54 13 61 74 20 25 22 21 69 65 93 11 12 47 38 41 43 80 30 37 29 46 55 27 6 79
1004 15 57 92 24 44 93 91 66 21 17 55 34 50 27 48 33 29 10 3 11 85 82 79 51 7 25 87 5 81 12 32 8 88 54 2 65 78 56 97 26 53 30 62 74 52 6 95 68 90 9 98 58 73 47 99 4 42 28 75 49 31 94 23 22 37 36 64 86 89 96 100 45 72 76 41 16 40 80 77 20 59 84 70 61 1 83 14 38 19 60 63 46 18 35 13 67 71 39 69 43
1007 25 3 33 35 20 65 78 89 66 36 42 59 97 93 51 27 60 98 5 55 1 64 69 44 45 81 10 53 71 12 54 16 75 2 11 63 26 57 94 40 19 70 38 4 82 37 100 34 88 95 84 43 8 68 96 39 56 47 62 85 28 9 30 58 74 61 15 80 23 92 7 76 90 18 79 31 41 50 21 29 86 99 22 48 46 17 24 32 72 87 73 6 83 52 14 67 13 77 49 91
1005 68 66 100 14 64 27 92 4 2 55 30 33 40 63 18 84 73 70 38 88 79 86 85 35 67 23 42 5 12 76 50 44 16 81 93 65 58 34 52 43 72 83 98 95 21 90 51 22 97 15 71 37 19 91 56 46 31 36 9 48 17 57 28 82 60 78 62 25 24 49 13 3 20 45 29 32 61 69 47 7 77 1 75 39 87 53 74 54 59 96 11 8 6 89 10 80 26 99 94 41
1003 30 4 49 35 27 84 42 51 24 18 46 21 6 58 65 48 90 54 32 25 55 11 41 44 61 98 94 43 8 36 97 53 73 60 99 64 19 85 72 86 28 63 70 15 14 96 62 10 31 17 52 100 67 83 29 75 33 81 16 68 57 91 79 93 13 88 7 71 9 95 77 74 59 39 50 66 47 40 34 22 26 89 56 5 23 80 78 20 38 76 92 87 45 37 82 3 1 2 69 12
1000 32 42 16 47 22 89 33 56 7 65 82 1 90 40 26 71 48 28 34 51 20 84 79 78 31 44 41 61 97 99 9 66 38 23 85 30 95 70 3 86 15 96 50 14 75 37 62 58 4 54 10 91 21 100 6 72 19 11 29 55 43 53 87 83 69 24 92 88 35 52 63 59 27 12 94 36 57 81 2 68 17 5 64 74 39 93 8 13 46 25 73 49 18 77 76 60 67 45 98 80
1000 85 76 29 26 88 43 42 80 89 24 15 49 84 90 93 65 17 69 97 1 62 6 83 75 13 46 82 45 5 7 48 87 53 18 11 3 21 59 74 8 64 60 34 66 9 27 47 100 38 50 91 20 23 51 19 63 54 55 35 39 16 99 30 73 72 22 44 28 57 78 31 2 81 67 92 94 41 33 14 98 40 86 36 52 70 68 77 79 61 37 25 12 95 58 4 96 56 71 10 32
1010 45 76 68 60 18 57 9 96 14 17 74 3 90 28 4 65 59 35 25 80 19 63 81 54 50 55 46 22 71 95 15 5 13 44 39 32 37 70 26 83 6 67 61 66 42 33 86 10 99 64 12 47 16 21 100 92 40 93 69 11 36 38 49 1 31 41 27 98 91 84 97 56 87 79 89 77 43 20 72 62 7 73 75 2 78 58 85 8 34 23 82 94 48 29 88 52 24 53 30 51
1000 55 32 87 96 23 46 13 83 85 8 15 76 78 94 25 18 91 6 86 82 34 50 71 95 26 40 52 67 69 92 24 12 9 88 89 43 41 54 20 29 51 64 19 73 42 31 99 80 48 44 97 61 68 22 10 39 65 70 74 57 21 62 27 3 56 5 58 84 100 59 63 35 90 77 37 14 93 33 45 17 1 53 75 4 7 36 11 79 2 47 66 30 81 38 98 60 28 16 72 49
1009 83 53 64 97 73 86 24 14 44 71 67 52 54 21 99 35 40 3 45 55 76 15 57 72 58 38 43 94 32 37 87 5 4 61 22 89 31 28 39 8 6 90 23 27 100 29 41 34 13 82 84 92 50 7 30 2 59 9 80 12 1 98 18 42 91 93 65 56 69 25 62 78 19 96 46 26 60 88 75 49 79 77 81 51 48 33 20 74 10 70 47 36 85 68 63 66 17 16 95 11
1004 28 90 74 79 20 72 69 68 66 9 30 98 76 88 46 45 97 22 8 96 82 18 43 38 99 81 57 92 51 50 71 52 34 25 2 26 77 44 89 63 39 60 7 41 19 32 56 10 58 35 75 87 62 13 3 54 15 91 47 48 80 49 21 95 16 70 84 94 29 24 33 4 100 12 85 65 93 5 61 59 78 11 23 42 86 36 73 40 17 6 64 31 14 67 83 27 55 53 1 37
1001 23 89 50 76 19 66 44 6 21 25 61 94 97 51 68 65 45 33 74 52 60 1 95 5 14 55 7 41 22 63 86 80 42 72 46 24 69 88 75 53 12 82 56 31 32 79 15 93 85 98 84 77 90 4 54 59 37 67 57 71 10 27 39 11 91 49 29 34 47 87 3 78 99 62 73 28 58 38 20 13 43 40 92 48 2 83 35 36 17 100 8 16 30 64 96 81 70 9 18 26
1009 55 32 77 15 69 28 11 60 26 30 10 2 58 23 37 53 88 84 65 64 98 74 63 17 44 61 78 71 19 56 85 62 46 24 97 90 50 94 47 45 34 87 59 29 22 41 9 86 35 42 36 20 38 100 96 12 66 68 99 89 21 57 5 75 91 4 33 18 51 39 80 73 92 3 14 95 54 49 52 13 93 16 31 7 25 79 27 67 82 81 1 76 43 6 8 83 72 70 40 48
1003 71 31 56 21 93 38 46 43 86 3 77 72 80 7 98 35 94 87 29 100 53 78 2 9 75 26 68 88 52 32 44 60 97 5 40 54 19 74 33 82 25 28 15 41 47 69 12 67 57 90 55 95 10 30 23 24 49 66 76 51 11 81 70 34 58 8 6 73 50 27 36 96 39 65 63 64 42 22 92 4 48 13 99 16 83 91 61 85 89 84 1 59 45 18 20 14 17 79 62 37
1008 33 46 9 19 58 26 62 77 3 5 61 69 76 84 32 95 28 21 71 22 15 87 90 43 40 52 11 10 53 35 12 73 92 57 17 75 64 42 48 60 1 96 36 18 7 88 44 66 79 8 27 24 65 37 25 49 86 55 31 72 89 67 14 29 51 4 50 39 97 70 81 38 68 98 94 6 100 99 13 80 2 82 20 47 54 59 85 45 34 41 16 23 74 91 83 56 30 78 63 93
1004 60 42 8 97 9 45 67 76 30 15 64 34 54 35 81 21 59 66 22 51 1 90 20 31 41 89 47 86 55 62 93 6 63 85 49 70 79 27 68 33 88 29 17 78 18 43 83 48 74 94 2 37 32 75 13 3 77 98 14 39 61 82 84 100 69 71 38 36 57 4 5 80 7 24 28 44 16 91 46 26 96 65 56 99 92 40 52 87 95 10 50 11 25 72 19 73 58 53 12 23
1005 29 51 50 47 31 33 30 44 45 38 58 91 49 98 86 53 7 59 42 79 75 80 90 39 22 70 1 54 48 56 72 37 68 40 100 76 25 4 21 57 95 65 6 11 92 18 81 3 67 13 23 24 12 55 16 73 89 69 99 19 77 66 85 41 36 60 87 84 96 8 71 61 94 32 82 74 15 14 27 93 83 43 10 9 62 64 26 35 17 5 52 28 78 2 97 46 34 20 63 88
1004 99 89 47 87 32 72 13 1 38 68 39 79 94 4 37 19 57 52 76 84 6 67 59 15 56 7 69 5 82 98 86 43 12 21 91 20 62 33 55 22 35 24 23 41 16 95 31 53 93 14 70 92 88 18 8 50 100 26 9 74 54 36 10 45 77 75 28 2 49 11 25 51 65 42 29 34 85 97 3 66 83 78 27 30 60 80 46 44 61 40 58 71 90 96 73 48 17 81 63 64
1001 23 10 18 88 13 20 95 29 89 3 22 65 5 24 4 93 87 83 54 32 11 76 63 36 16 73 46 28 81 47 39 8 50 7 40 62 30 94 15 44 33 43 77 92 38 98 72 25 78 48 14 86 35 64 21 79 59 97 31 90 74 99 96 53 70 61 85 17 100 67 56 1 19 82 58 37 80 34 27 52 45 60 75 9 68 12 69 55 2 57 71 49 42 51 41 26 66 84 6 91
1007 25 84 7 50 9 85 64 83 76 72 80 34 98 47 68 33 87 11 49 55 88 41 75 4 89 38 2 59 16 81 44 32 67 52 46 3 56 69 17 53 8 65 12 10 15 48 70 57 74 94 91 28 43 45 23 22 60 78 58 71 29 61 30 31 90 20 36 95 35 96 63 19 51 27 86 21 40 1 100 54 24 92 42 5 77 14 79 39 97 66 26 73 37 13 82 93 99 62 6 18
1001 20 82 95 9 94 25 30 22 39 90 49 88 64 3 38 87 48 13 11 56 33 69 70 73 6 44 61 93 53 1 91 28 31 12 80 43 55 76 24 68 51 2 27 21 35 63 16 41 23 67 77 29 99 78 98 47 59 10 36 79 7 14 37 97 52 65 62 50 71 89 85 96 42 46 17 32 19 8 40 57 26 100 34 83 58 72 54 92 74 4 18 60 81 86 66 5 15 75 45 84
1010 49 67 88 34 87 72 89 26 95 71 73 4 66 45 76 92 60 59 55 91 80 28 78 100 6 68 42 77 31 29 47 23 9 56 24 94 32 86 5 17 69 13 44 20 12 65 64 61 14 62 22 2 18 25 90 96 40 83 53 74 1 7 8 11 58 52 85 16 63 84 21 54 99 46 75 15 51 37 3 93 50 39 27 79 57 19 33 98 48 81 38 97 82 41 70 43 35 30 10 36
1006 70 29 6 47 61 46 69 54 38 96 11 8 78 31 51 24 64 21 57 5 16 84 56 98 87 67 99 41 43 71 81 33 2 44 22 17 10 94 88 95 62 20 89 97 58 74 49 82 85 55 45 59 63 77 13 26 90 92 35 93 53 28 3 32 9 73 60 30 14 75 91 72 4 80 86 27 7 76 100 15 23 19 50 66 79 65 52 48 34 36 83 1 42 12 25 18 39 37 40 68
1003 30 2 85 80 12 68 22 33 18 7 61 73 1 71 25 29 99 62 49 67 86 90 3 96 69 59 27 78 81 13 40 77 5 74 37 76 36 84 44 93 95 38 42 66 26 100 45 15 58 91 19 72 57 60 98 56 48 11 65 63 97 50 35 41 9 14 23 51 70 28 88 32 79 87 55 43 53 31 34 64 21 47 89 17 83 16 75 94 39 10 6 54 92 46 8 4 52 82 20 24
1002 92 41 70 89 47 55 95 100 12 17 16 34 21 6 86 57 13 66 38 37 28 84 2 36 53 52 59 32 8 71 96 42 88 26 67 18 10 20 75 39 78 69 99 1 77 31 93 56 48 7 60 68 24 74 35 65 94 49 82 61 81 83 44 62 4 11 30 14 72 19 33 22 98 58 80 25 73 76 97 43 50 27 63 64 79 9 46 29 54 40 45 5 3 15 85 51 87 91 90 23
1004 28 88 50 77 63 43 27 35 85 91 17 73 60 64 22 32 66 57 56 92 95 58 38 51 39 83 8 20 19 68 84 41 7 45 54 11 78 86 10 1 36 15 31 49 44 100 67 37 72 4 42 2 33 25 59 90 14 97 3 34 69 40 75 94 55 16 21 23 81 46 98 62 30 71 70 5 52 6 18 74 48 99 24 80 89 82 87 53 79 13 9 76 65 96 12 61 29 26 47 93
1002 15 30 97 70 20 92 44 86 94 11 22 93 78 58 3 31 85 4 59 80 16 35 33 89 27 37 2 34 26 81 74 96 29 52 9 87 7 48 1 53 71 75 24 60 99 8 68 63 66 62 47 32 42 76 90 67 18 82 21 14 10 13 65 57 43 50 72 23 41 19 49 39 69 45 91 17 61 12 38 56 64 98 77 100 25 84 83 46 51 28 6 79 36 54 88 55 5 73 40 95
1006 76 29 96 14 75 82 86 42 34 30 52 56 2 39 38 92 81 73 71 98 46 74 55 85 57 33 45 19 10 79 53 12 67 9 20 65 90 22 36 23 51 44 83 47 91 37 1 69 94 4 6 41 59 64 35 84 27 58 15 7 93 54 5 31 48 60 43 61 87 68 97 70 88 26 40 100 89 72 63 99 50 66 78 49 13 16 62 21 17 77 18 32 28 8 80 3 95 24 25 11
1007 97 65 62 10 86 36 94 54 63 64 12 87 96 33 46 39 42 17 16 60 50 37 52 44 28 45 83 56 71 41 24 48 27 6 90 47 35 68 67 72 85 69 25 8 99 29 38 7 93 23 5 78 73 13 2 55 70 43 61 84 34 75 51 20 18 92 9 95 98 15 3 19 58 77 4 1 100 57 26 74 14 40 89 30 88 31 21 53 22 66 79 82 76 11 32 80 59 91 49 81
1000 26 5 13 40 10 37 42 100 33 77 69 58 48 22 87 3 47 19 51 25 9 23 39 84 71 61 41 54 2 63 68 14 82 50 20 8 66 31 85 78 12 64 17 95 86 75 45 67 60 24 1 65 88 46 43 59 11 97 30 79 90 49 32 93 74 15 70 80 4 7 92 21 18 44 35 34 36 57 38 89 99 27 29 56 81 16 83 28 94 62 76 73 6 53 91 55 72 98 52 96
1010 36 69 19 93 18 73 56 72 74 68 10 39 44 7 4 53 27 45 17 1 16 8 31 15 33 41 54 2 92 12 87 26 57 66 96 42 58 49 94 55 50 79 85 75 35 51 60 81 48 64 89 28 90 76 9 52 6 23 43 46 61 84 14 38 77 100 32 20 78 95 82 83 59 13 98 80 63 91 11 88 25 71 86 24 70 47 21 5 65 29 40 62 34 37 99 3 67 22 97 30
1003 75 49 55 51 81 50 52 42 7 80 25 78 14 85 83 16 90 97 84 17 64 93 2 77 67 3 70 38 100 30 54 43 82 15 57 33 63 86 45 34 71 41 13 12 94 39 22 95 76 29 99 4 46 47 61 59 11 35 19 23 89 69 56 1 36 48 98 68 87 18 73 91 5 65 62 28 26 58 79 88 53 60 37 8 96 9 72 92 24 32 31 44 27 74 20 66 10 21 40 6
1008 33 51 91 95 11 80 63 37 2 39 28 65 58 96 76 89 53 78 60 25 15 41 81 31 67 90 59 85 22 54 3 30 70 10 13 57 40 6 92 32 12 7 29 9 61 19 62 50 46 88 55 5 42 79 83 16 8 43 87 97 35 52 47 4 1 45 48 34 20 74 36 49 100 14 84 64 73 77 27 21 86 98 17 99 68 82 94 93 26 71 38 69 72 23 75 56 18 44 66 24
1004 69 24 41 32 13 11 5 76 26 96 20 25 30 46 67 48 91 29 4 62 28 55 10 65 38 44 71 54 73 100 98 50 6 51 39 49 63 80 87 35 95 15 64 79 57 23 33 43 16 81 12 97 45 56 18 99 90 75 14 9 47 52 36 27 88 60 94 7 93 17 1 92 40 86 84 34 37 21 59 22 85 3 42 58 72 66 89 19 83 82 2 61 53 78 31 77 68 70 74 8
1008 40 9 19 28 69 71 82 23 10 74 25 39 64 16 58 66 73 88 59 89 45 76 84 83 32 47 86 57 6 80 27 91 75 93 92 38 33 17 77 85 42 56 5 4 15 53 96 46 20 61 24 55 21 54 34 94 26 50 63 43 95 36 14 68 8 90 30 31 79 72 78 97 70 3 44 22 48 99 29 81 35 87 49 62 13 51 52 12 41 2 60 18 65 37 11 7 67 100 98 1
1009 24 6 23 29 17 100 99 51 30 38 14 85 90 92 3 2 89 46 88 7 11 69 72 94 67 59 62 50 10 42 70 36 73 32 78 96 98 5 64 4 79 81 31 34 54 18 21 15 47 76 16 27 61 66 13 91 1 22 12 19 39 37 56 97 8 65 77 68 48 28 52 35 40 44 86 71 41 57 84 45 43 82 25 60 33 49 58 20 63 93 26 75 80 9 74 55 87 53 83 95
1005 88 64 40 51 72 47 27 4 97 33 81 6 9 82 66 50 7 22 44 57 25 23 41 71 30 32 31 99 60 65 73 100 17 54 20 52 10 87 77 62 93 58 18 94 48 69 39 15 34 76 70 1 2 42 5 63 55 79 68 35 49 96 29 24 80 43 38 98 53 45 13 61 56 84 14 28 85 75 12 67 19 37 26 59 78 86 8 83 36 89 90 74 11 16 3 91 46 95 21 92
1007 41 71 84 66 27 20 35 42 85 99 92 96 11 60 5 52 50 19 8 67 17 3 12 36 21 75 69 10 78 91 29 61 15 32 38 97 76 54 7 73 25 26 1 53 62 59 58 98 57 47 28 18 68 37 22 4 93 88 49 48 100 77 70 86 81 83 95 33 45 14 34 74 72 9 44 82 55 87 40 79 43 39 24 6 56 31 65 23 94 64 89 63 13 51 16 80 2 90 46 30
1008 97 11 30 31 3 24 90 14 94 67 57 79 39 71 13 96 59 85 5 53 63 61 35 19 8 16 49 15 58 40 87 99 56 6 28 93 60 84 4 50 34 73 77 46 80 68 41 95 66 75 17 86 55 38 72 92 23 36 1 26 9 10 48 51 69 12 89 7 32 81 52 45 76 20 88 70 64 100 54 18 47 2 27 42 82 43 65 25 62 22 78 83 21 91 98 37 44 29 74 33
1010 14 22 39 33 86 61 41 1 52 50 37 100 88 44 98 96 91 76 81 95 13 78 42 15 17 23 67 5 10 54 92 85 55 2 83 4 53 24 59 89 45 69 68 31 19 3 36 12 63 8 64 40 75 57 82 20 49 11 29 65 79 25 6 28 32 93 58 9 66 51 72 87 27 73 71 90 21 97 77 43 56 34 74 99 80 94 48 47 18 70 60 16 26 30 46 84 7 38 62 35
1005 66 57 38 22 87 76 65 59 20 97 75 94 80 23 25 12 67 60 41 16 53 39 73 15 46 49 61 31 71 95 27 82 24 98 43 32 99 3 44 74 11 1 54 6 21 37 55 72 36 64 93 69 90 48 5 83 2 70 52 92 45 62 14 58 68 42 77 17 100 33 19 63 29 9 34 84 18 26 50 85 96 7 88 47 4 81 51 78 28 91 86 89 13 56 35 40 8 79 10 30
1002 3 33 50 22 32 11 77 70 55 65 40 69 1 46 60 27 31 6 98 96 56 85 81 72 21 58 83 34 99 54 62 75 41 93 61 13 59 74 36 35 16 91 12 44 80 100 71 24 42 47 45 2 53 17 37 26 78 92 30 38 63 43 14 29 10 84 67 52 39 88 7 25 73 23 57 89 64 79 86 20 66 95 48 49 87 90 94 5 28 18 82 8 4 68 97 9 19 76 15 51
1002 23 18 76 17 43 4 73 33 63 92 6 34 48 62 13 80 77 79 72 37 46 5 29 64 26 75 1 15 7 68 36 95 97 2 20 24 38 81 49 12 96 54 70 31 19 84 39 10 51 83 27 14 11 88 50 99 9 86 16 94 59 45 25 89 53 3 85 98 87 69 65 91 22 32 57 35 55 40 42 82 100 28 47 8 56 30 78 66 44 60 61 67 41 74 21 90 52 71 58 93
1010 49 98 85 10 15 5 58 1 95 43 99 6 54 20 74 34 32 72 16 21 75 37 65 14 45 70 28 4 90 96 19 27 40 24 100 68 36 51 18 91 97 3 80 47 41 73 53 55 25 88 69 35 42 89 48 7 92 71 44 87 12 29 94 8 46 17 77 57 31 56 84 61 2 79 93 30 83 22 62 82 39 64 9 86 81 52 23 26 60 76 33 63 67 66 38 78 50 59 13 11
1010 13 39 88 32 60 75 1 54 97 22 40 59 95 84 67 45 33 10 85 26 38 64 8 65 4 70 12 72 49 58 20 9 82 80 47 74 7 48 2 25 69 37 50 90 28 35 57 81 21 76 30 55 31 87 61 68 18 41 11 66 15 98 42 79 77 19 100 94 46 99 17 5 23 89 92 3 93 6 91 83 51 53 29 71 96 56 36 86 34 78 14 43 62 73 44 24 52 27 63 16
1009 82 53 67 37 52 62 41 8 97 90 71 48 66 30 7 9 55 5 1 81 38 85 29 77 87 50 23 75 93 58 43 88 10 18 74 60 68 22 14 91 32 25 28 33 59 2 65 39 51 46 72 80 98 49 40 79 45 34 84 21 24 61 99 35 94 44 89 4 13 57 20 64 73 19 100 26 36 3 70 76 95 47 83 54 6 86 12 31 42 56 78 63 17 15 11 16 27 96 69 92
1005 79 54 24 61 30 55 8 89 51 10 65 68 45 25 12 86 19 39 16 29 63 40 27 21 99 62 26 56 32 75 74 20 94 77 87 91 50 88 5 2 49 58 35 78 4 93 100 76 98 7 6 52 70 11 97 80 9 71 17 85 43 92 82 18 66 37 3 95 53 83 22 34 36 90 38 31 33 69 23 47 59 84 73 28 46 44 14 57 81 96 48 67 15 41 13 64 42 60 1 72
1000 31 63 66 89 1 18 83 76 71 28 7 93 60 68 78 72 92 55 77 91 19 54 26 17 29 58 82 70 96 57 33 90 49 88 40 47 86 87 9 52 24 30 11 2 81 73 53 13 48 45 16 69 38 99 41 25 59 42 37 10 34 12 79 85 35 51 32 27 56 3 95 22 4 65 20 64 23 44 97 80 50 6 94 14 84 15 75 39 5 98 46 36 67 21 62 100 61 8 74 43
1001 76 36 21 97 38 47 57 12 8 25 72 11 45 51 18 87 29 31 71 30 82 63 56 10 91 80 93 86 99 68 6 61 1 85 74 32 59 16 73 27 24 20 39 46 88 14 77 5 92 33 28 3 66 60 19 65 96 7 23 4 95 49 54 98 44 13 55 43 70 78 64 42 34 100 83 41 58 26 62 50 81 67 79 94 89 53 22 17 90 2 69 15 40 37 52 9 48 35 84 75
1005 11 62 36 7 96 34 74 19 97 28 59 40 82 53 3 63 38 9 4 12 75 8 14 94 45 10 60 90 69 23 87 88 21 52 47 54 1 64 17 78 24 66 44 48 73 68 89 85 72 20 41 99 67 65 39 15 13 46 33 58 76 30 55 57 83 37 5 98 84 56 31 71 81 79 18 2 92 43 49 77 6 95 27 70 91 16 51 86 35 42 100 50 29 93 26 32 22 61 25 80
1002 36 54 31 38 60 26 86 17 69 52 65 92 84 45 81 85 97 7 40 41 19 73 90 78 62 3 8 95 91 67 68 43 59 34 51 5 35 61 89 32 49 87 24 76 20 47 72 10 96 58 82 57 12 75 64 99 6 48 88 53 25 33 70 15 93 23 21 13 14 77 29 94 56 63 42 22 39 16 79 18 66 37 55 71 44 46 11 50 30 1 80 98 4 83 74 9 28 100 2 27
1008 26 8 63 41 3 19 94 81 11 100 39 75 69 79 64 42 68 45 18 67 44 10 16 50 61 34 82 2 98 51 48 33 86 14 20 87 56 66 62 77 92 91 83 96 40 80 65 43 30 52 70 99 58 27 97 22 71 46 74 13 85 12 37 7 88 1 76 9 53 28 95 36 35 29 15 31 89 32 21 38 60 47 72 93 57 23 54 49 4 73 78 6 55 25 59 90 17 5 24 84
1001 62 74 28 55 64 46 43 35 25 33 10 8 41 16 98 32 61 24 54 78 89 1 21 40 65 60 19 82 99 13 17 88 11 50 56 77 87 30 73 4 29 76 45 75 52 2 18 47 12 84 27 53 51 5 59 100 79 42 38 57 3 94 37 22 23 93 6 86 96 14 20 72 49 70 63 91 9 71 97 66 85 39 48 7 90 95 80 26 67 92 81 83 15 58 68 34 44 31 69 36
1003 87 14 24 18 19 23 77 76 78 60 63 35 52 15 27 50 70 84 96 47 46 93 43 51 98 1 32 48 82 8 13 41 73 86 36 74 26 92 6 95 99 21 91 68 69 38 100 97 39 42 25 65 12 72 62 85 71 4 90 44 67 58 2 11 49 28 7 57 54 55 64 40 10 29 3 53 80 22 89 31 34 61 17 33 16 81 66 79 20 56 45 88 37 94 30 9 59 5 83 75
1003 46 42 69 51 94 78 4 73 35 83 92 34 43 15 99 10 45 86 19 9 93 17 3 2 40 54 80 14 37 31 29 60 62 12 66 22 71 36 7 70 56 65 13 91 18 87 44 26 47 55 100 23 64 57 20 89 95 76 67 82 27 90 48 96 81 61 16 25 1 98 41 28 49 84 74 39 59 85 97 6 32 30 11 38 68 75 24 52 77 58 63 53 33 8 72 50 88 79 21 5
1003 50 8 94 34 92 33 52 23 4 96 58 37 76 7 25 88 86 72 16 21 83 44 10 51 17 27 99 14 97 6 28 91 89 42 57 3 30 61 39 62 5 15 22 66 73 13 68 80 35 54 71 40 60 18 24 64 53 65 19 26 84 38 95 36 12 11 56 69 87 85 79 82 100 29 93 9 55 67 81 77 75 78 59 90 43 47 41 2 32 63 46 70 48 49 74 31 45 1 98 20
1009 57 10 61 85 63 70 69 91 72 99 26 31 93 6 4 75 68 11 9 20 87 51 73 58 33 81 35 24 62 78 79 21 66 1 18 12 80 55 8 67 94 96 88 44 74 36 95 48 49 22 89 17 29 39 92 5 64 25 38 14 82 76 15 84 97 30 3 77 7 90 34 37 45 42 83 53 28 65 59 86 60 32 47 50 54 98 40 16 46 100 56 13 52 2 19 23 43 41 27 71
1007 51 18 79 6 30 82 91 100 75 80 86 69 62 35 11 21 38 81 48 52 41 20 5 76 64 65 42 68 25 39 32 46 99 88 24 92 19 66 96 95 77 9 73 97 74 83 59 13 63 78 23 16 26 33 3 29 27 50 40 43 53 44 90 2 56 15 31 45 84 57 7 10 98 4 58 14 70 22 1 67 55 60 54 85 36 94 72 47 87 93 12 28 34 17 89 8 49 61 71 37
1008 89 40 28 36 22 56 15 86 10 62 90 6 38 2 24 63 37 69 67 64 14 8 81 98 88 97 7 75 46 17 85 84 42 60 48 70 79 41 21 27 25 45 9 49 91 54 44 50 74 92 82 47 20 57 19 39 31 100 55 58 95 99 43 78 33 93 65 96 87 34 16 72 4 26 94 53 35 32 80 23 77 66 51 5 61 71 12 29 30 52 13 11 59 18 73 3 83 68 76 1
1010 70 30 10 57 92 94 40 11 73 88 55 39 45 38 64 91 43 99 9 51 83 72 71 81 100 26 34 97 90 86 67 78 74 5 8 35 18 50 41 49 36 37 14 58 23 21 7 61 3 62 33 82 15 32 96 75 13 84 28 54 24 89 22 4 29 95 31 25 98 47 76 20 63 48 93 27 60 53 46 42 2 65 17 68 16 77 80 56 1 52 44 59 87 69 12 6 19 85 79 66
1008 7 15 3 30 46 65 83 25 68 95 11 14 54 75 82 44 36 67 18 32 45 50 91 37 4 48 5 81 97 62 53 61 10 87 38 92 1 78 60 17 51 43 39 49 47 20 100 52 86 28 77 13 99 56 34 79 55 74 64 2 16 29 12 72 88 22 63 8 80 69 26 85 96 70 33 6 27 42 35 84 71 41 90 31 19 98 59 9 76 23 58 93 73 24 94 66 57 89 21 40
1001 65 89 83 39 97 94 77 35 63 99 70 61 75 27 100 79 57 80 90 18 49 11 14 96 8 28 5 44 23 32 4 10 41 67 86 22 17 43 9 68 51 2 73 3 72 76 69 56 36 92 82 19 53 33 78 87 55 50 95 42 85 37 98 84 15 34 6 30 46 26 60 13 25 81 64 74 62 29 48 20 59 88 66 52 45 21 47 24 12 7 54 93 58 71 31 16 38 1 40 91
1007 33 55 19 27 36 84 60 85 63 93 1 92 6 81 89 16 31 58 7 75 12 35 38 64 95 53 18 77 22 94 2 99 90 69 26 83 88 37 80 3 62 71 74 82 32 56 17 23 98 47 50 39 28 8 46 20 43 76 96 9 91 52 97 14 51 42 87 30 59 4 61 29 13 44 45 5 41 73 11 54 15 40 21 70 49 25 78 79 100 66 86 67 72 65 24 68 48 10 34 57
1003 91 35 47 62 84 3 90 82 85 75 88 33 93 80 8 56 49 7 6 58 28 23 57 36 67 20 19 44 2 87 15 71 81 98 42 100 25 4 11 18 14 45 70 40 12 97 26 16 32 46 94 77 55 99 41 60 92 51 1 38 30 52 74 9 24 22 31 65 72 63 76 54 48 37 73 34 21 39 13 61 10 78 43 17 66 29 89 95 68 59 27 53 50 5 83 86 96 64 79 69
1002 13 47 63 78 52 26 77 3 68 92 98 5 8 48 82 66 65 54 23 99 11 41 31 14 36 81 94 4 86 24 29 57 56 74 90 45 83 96 87 88 19 75 22 60 21 69 1 51 32 37 67 72 2 6 17 10 62 70 91 35 15 59 89 55 73 61 76 93 40 38 58 20 18 64 50 30 16 42 100 97 46 43 49 80 28 84 25 27 9 7 95 39 79 53 44 71 85 12 33 34
1001 6 74 64 75 87 24 13 72 86 30 81 60 91 16 94 53 27 88 49 10 51 65 15 11 52 70 44 5 57 78 69 42 12 93 82 46 36 1 37 56 31 89 4 55 29 23 95 41 35 33 54 63 43 80 34 17 25 38 84 7 28 18 47 3 67 59 50 40 19 45 26 39 68 97 61 9 79 62 71 76 99 73 48 100 20 66 98 22 8 2 32 96 77 85 83 58 14 92 90 21
