100 100
1002 32 68 76 88 15 52 26 96 40 91 1 74 33 58 39 73 12 90 6 23 99 69 51 10 3 100 11 47 92 83 95 82 35 48 71 49 20 27 5 43 72 65 22 44 46 34 13 60 89 29 81 28 2 24 56 63 93 21 55 66 42 9 84 97 45 78 4 75 64 50 87 59 80 57 8 16 18 70 94 36 41 98 77 19 17 62 86 37 30 79 25 67 54 31 38 53 85 14 61 7
1001 76 36 17 54 78 72 79 85 5 45 28 39 56 70 18 35 15 43 53 20 71 12 10 7 46 42 25 29 86 88 90 99 8 40 93 92 59 4 83 97 52 68 11 58 6 14 3 21 24 26 84 60 2 38 82 63 41 94 49 47 34 1 31 96 44 51 23 65 48 66 77 9 27 91 57 22 62 67 55 81 73 75 100 87 64 69 50 19 30 33 37 89 98 74 13 16 80 61 95 32
1004 98 35 10 12 39 55 41 23 69 19 11 74 72 16 30 44 33 45 100 50 26 79 78 97 15 32 70 8 24 64 95 77 92 60 2 99 36 66 57 62 7 58 21 65 76 84 31 47 67 53 87 52 88 71 27 83 90 42 63 91 49 56 25 17 38 93 14 59 46 75 34 81 51 20 4 80 48 40 82 1 85 73 61 28 68 13 94 9 18 96 43 54 22 6 3 86 89 37 5 29
1003 82 67 19 91 54 5 33 61 70 24 63 69 21 80 85 1 10 12 42 92 76 89 58 47 97 51 3 34 15 2 87 81 9 100 41 88 49 98 53 45 48 36 93 14 31 86 39 90 66 13 94 62 35 16 17 73 50 55 46 79 84 71 96 32 30 22 75 95 78 99 40 28 57 44 59 4 27 65 56 8 37 77 26 38 7 68 64 52 20 83 43 60 18 29 23 11 6 25 74 72
1006 3 25 38 31 60 81 29 53 41 9 49 28 85 35 48 52 99 98 45 34 68 66 88 89 67 20 79 50 51 23 63 62 80 100 65 2 75 26 39 73 36 5 96 24 4 8 11 27 83 18 69 93 76 77 14 17 86 97 12 22 64 72 46 6 94 43 32 54 47 92 84 82 57 87 55 15 7 19 58 61 37 91 74 40 21 16 44 30 95 56 59 78 1 71 70 42 90 10 33 13
1008 53 22 85 88 40 4 48 73 11 30 82 36 23 27 43 37 89 91 29 92 45 14 32 26 21 38 80 2 77 50 66 58 12 81 99 87 15 46 51 79 100 20 60 7 64 96 42 35 10 83 49 63 1 86 78 8 25 68 57 24 98 59 93 70 41 75 55 18 97 13 33 84 9 54 16 31 95 56 67 17 6 52 65 39 5 61 94 90 34 47 44 28 76 19 3 72 69 71 74 62
1010 50 2 31 63 87 65 44 95 24 47 43 20 32 88 33 18 7 28 61 3 72 75 48 5 60 82 74 40 30 21 96 64 54 55 86 80 98 84 17 25 27 53 10 4 34 22 36 59 35 77 52 67 90 85 76 45 13 94 9 14 57 73 8 38 93 46 11 15 92 70 6 68 49 79 29 56 26 19 23 99 81 42 12 100 1 37 66 51 91 78 89 69 41 97 16 83 58 39 62 71
1000 60 42 49 50 61 52 55 94 54 89 26 58 30 37 15 84 93 41 46 13 99 3 34 68 35 87 21 62 79 64 17 51 77 2 1 90 97 19 73 85 76 53 82 67 86 40 88 12 98 57 27 74 16 92 56 75 78 32 83 66 71 22 63 44 36 47 39 96 7 20 33 69 45 25 38 8 28 10 72 100 81 31 4 11 23 24 95 9 29 6 80 91 14 59 65 18 5 48 70 43
1008 39 81 80 46 58 4 53 89 14 15 71 68 5 7 19 67 73 47 22 38 10 84 41 64 70 13 36 23 49 35 91 93 55 33 29 83 21 61 75 50 3 31 51 18 85 94 86 30 65 9 37 57 25 95 69 2 28 20 79 72 60 76 98 63 42 54 27 87 17 82 88 99 32 43 52 59 90 34 40 97 26 92 11 66 1 44 24 74 96 78 100 56 77 16 8 48 6 12 62 45
1010 14 33 27 36 95 62 41 74 88 80 12 43 49 10 77 1 70 17 30 64 8 69 24 39 55 28 15 85 9 82 20 19 63 29 2 47 99 44 93 18 81 78 79 96 6 72 58 84 22 25 16 90 23 65 83 54 32 67 50 66 34 51 75 56 4 57 92 52 42 86 73 35 26 40 94 87 38 89 45 46 11 97 37 13 71 48 100 53 21 76 7 59 5 98 61 60 68 91 31 3
1010 60 7 19 84 70 8 78 31 21 41 52 45 90 46 75 39 96 74 81 42 79 16 2 82 77 54 58 86 68 93 48 35 99 98 66 88 67 18 56 24 95 33 37 28 13 49 71 65 53 92 14 20 34 64 17 72 62 3 36 15 50 83 57 6 63 91 69 32 26 55 61 22 97 38 59 23 44 9 1 100 80 25 12 73 30 4 10 89 85 27 76 87 51 43 11 29 40 94 5 47
1006 81 4 15 18 61 38 67 89 24 47 1 37 40 5 79 8 30 29 36 96 32 53 23 27 3 99 78 52 34 66 54 73 100 33 43 59 50 49 58 44 85 82 2 26 9 35 97 20 93 31 94 42 12 77 83 88 62 16 84 70 7 28 86 92 55 19 46 56 48 68 65 80 39 87 76 60 74 64 57 75 98 91 13 63 11 71 21 41 95 6 72 14 17 51 22 25 10 45 69 90
1001 6 89 100 1 33 59 70 41 54 24 86 87 10 12 90 57 74 45 91 15 78 11 94 51 62 77 44 52 20 32 25 85 9 42 38 37 16 47 63 93 30 60 56 72 36 19 2 23 68 53 83 40 71 66 48 7 14 75 96 99 76 8 28 69 88 65 18 98 22 27 3 29 26 80 95 84 92 31 5 21 43 49 17 46 64 97 4 39 67 55 82 73 34 61 79 50 58 13 35 81
1003 75 33 10 4 51 7 34 76 20 69 87 38 64 22 79 56 97 72 29 92 81 94 60 47 57 17 78 99 40 31 50 21 35 37 48 9 85 84 23 83 61 1 18 98 30 65 39 13 74 90 62 26 59 3 2 5 41 58 86 91 36 71 100 19 80 12 54 11 27 24 8 49 25 88 14 89 66 53 93 6 77 28 43 32 70 55 96 73 67 45 42 15 16 46 63 68 44 52 82 95
1001 59 25 100 30 67 90 82 1 62 93 87 77 37 63 41 23 69 64 57 51 70 43 15 14 29 6 39 44 78 45 80 24 72 46 33 76 3 52 36 2 13 18 50 53 91 32 28 60 10 42 11 9 96 20 17 5 38 35 47 79 97 4 58 27 84 73 31 7 49 95 81 92 74 86 85 34 8 99 88 55 48 83 19 26 98 71 21 12 65 89 54 75 61 66 16 56 22 94 40 68
1001 45 32 53 40 65 89 98 67 62 6 72 29 78 85 73 16 100 81 99 33 24 7 60 15 13 22 92 91 88 71 79 38 28 56 19 48 3 49 1 76 59 10 64 35 94 12 80 26 83 39 34 75 58 23 70 93 90 69 63 55 11 97 86 27 43 50 8 77 21 46 66 41 4 37 18 17 42 14 51 95 25 61 47 2 36 84 30 96 5 52 20 82 68 87 44 74 9 57 54 31
1010 44 61 31 23 10 18 36 51 49 99 48 55 90 8 7 52 19 47 34 6 25 85 21 22 63 46 54 78 81 35 70 39 92 16 84 26 96 76 72 38 28 58 89 37 45 12 88 43 74 53 15 69 75 33 100 97 9 57 30 94 66 3 62 50 40 95 73 79 93 17 20 64 86 87 24 42 77 29 65 56 60 68 41 4 83 98 91 80 5 82 59 32 67 71 1 2 13 27 14 11
1006 74 25 41 65 13 49 73 93 29 1 75 89 95 35 67 17 37 82 30 66 20 31 3 14 23 10 34 76 78 38 40 16 71 91 9 84 43 97 33 8 79 86 96 55 12 42 24 4 70 87 22 60 92 36 5 11 15 94 88 69 98 28 52 83 19 72 90 53 59 26 47 46 62 100 51 63 80 61 68 6 56 81 21 27 77 58 48 44 99 2 18 85 50 57 7 54 39 32 45 64
1007 76 71 15 16 39 64 13 7 70 17 73 86 23 6 27 50 95 31 43 93 65 38 74 99 37 5 10 22 25 28 94 72 20 56 92 69 63 2 8 59 44 53 1 97 21 80 40 98 36 88 9 83 12 30 54 90 66 11 57 19 47 62 34 84 51 48 82 91 81 3 55 42 33 68 85 14 24 45 41 46 100 18 67 61 26 49 77 75 87 79 32 52 89 78 35 58 29 96 4 60
1001 81 100 73 29 9 77 44 19 62 27 92 31 34 68 97 64 39 23 54 69 61 83 21 43 96 89 41 95 1 79 22 59 78 30 60 66 82 45 46 63 16 76 33 4 98 93 2 20 85 80 26 40 24 91 87 99 7 71 28 15 72 90 32 25 86 12 18 8 17 42 52 14 10 49 3 53 74 67 48 51 58 94 6 56 37 5 57 88 13 11 75 70 35 38 84 50 55 36 47 65
1010 28 18 59 87 93 16 23 45 25 35 9 56 82 30 3 66 4 54 84 89 31 96 41 46 75 8 1 90 79 67 24 63 26 21 57 39 44 100 69 27 48 22 29 50 80 77 15 70 38 37 61 2 20 33 73 97 43 7 71 55 99 13 40 64 72 68 34 19 88 49 98 36 86 52 78 12 5 60 76 6 95 14 62 11 17 91 53 85 47 10 83 42 94 92 58 81 51 74 65 32
1009 2 35 29 91 43 93 6 5 38 49 7 46 25 20 82 72 32 33 64 98 63 85 45 67 27 95 69 65 70 54 11 9 19 92 80 57 34 42 96 61 14 87 39 21 66 30 88 94 86 97 75 79 83 60 52 53 78 73 59 90 3 76 10 16 22 84 18 89 100 68 51 37 40 77 15 55 4 47 62 81 12 28 23 8 50 56 74 1 26 58 17 48 31 71 24 99 13 41 44 36
1008 38 27 24 2 6 47 65 46 34 77 15 95 99 21 14 11 40 37 90 23 59 100 89 96 1 5 32 64 74 56 70 7 82 75 69 73 42 81 60 98 26 50 9 83 54 61 67 28 20 92 25 3 44 80 49 43 10 97 4 72 68 31 8 29 12 76 58 63 13 84 22 35 86 94 48 57 36 93 91 51 55 66 52 85 19 79 87 33 18 30 16 39 53 78 88 41 71 62 45 17
1000 6 29 73 20 44 32 45 84 8 68 49 65 3 93 60 71 67 54 61 59 17 76 40 89 80 81 30 70 28 66 50 23 35 2 25 15 90 7 87 58 37 94 86 88 24 5 78 75 57 19 52 14 51 47 77 38 46 27 13 9 98 53 95 36 21 99 91 85 83 39 31 96 26 97 92 16 42 100 69 56 34 63 41 48 64 18 11 62 4 22 79 12 55 82 10 74 1 33 43 72
1003 9 22 27 23 10 89 25 18 90 64 13 65 5 66 32 97 24 14 81 88 75 99 26 21 76 56 37 52 63 39 94 74 16 73 86 79 77 28 41 53 60 51 43 33 40 12 11 78 91 47 30 31 72 100 3 67 4 20 96 92 34 6 50 69 17 80 29 82 68 83 46 44 15 57 7 42 48 2 70 61 93 85 87 71 84 45 54 35 59 95 58 36 38 98 19 62 49 55 1 8
1005 8 10 76 12 60 34 70 81 44 63 13 17 69 86 42 19 18 37 98 2 20 11 79 35 93 45 71 82 43 77 68 89 47 23 91 56 62 51 87 74 46 55 52 90 21 25 26 31 15 99 14 61 27 50 7 78 22 94 38 95 36 92 4 96 97 72 48 64 54 41 100 5 6 84 9 57 29 83 88 39 3 65 73 49 85 75 32 59 40 33 30 1 67 24 28 80 66 16 58 53
1003 67 92 14 62 12 37 97 53 84 87 26 20 73 10 40 44 63 93 5 49 8 29 100 46 80 78 70 99 95 24 1 71 36 86 19 11 42 45 88 65 55 66 2 77 33 43 23 15 3 89 52 59 32 82 81 98 18 38 39 25 69 48 34 17 30 16 57 96 72 41 31 47 27 74 56 76 61 83 35 79 22 90 75 9 6 68 28 51 13 94 54 21 60 91 4 50 7 58 64 85
1007 12 50 44 15 41 79 18 3 20 5 97 42 26 77 17 99 36 71 68 92 64 13 75 58 25 98 45 89 33 38 67 76 9 94 74 82 2 100 19 7 70 93 81 69 86 35 87 55 80 61 96 10 39 56 84 65 21 22 16 66 40 53 32 11 43 29 62 90 31 57 47 95 78 28 34 1 52 60 23 73 91 48 27 37 63 54 24 59 85 72 6 88 30 8 51 14 4 83 46 49
1002 7 71 50 80 57 15 40 96 2 16 81 12 13 49 21 85 30 91 69 14 27 43 47 8 26 37 45 88 53 83 100 17 84 31 89 11 68 78 18 33 70 24 32 63 6 38 10 72 92 73 79 34 23 76 58 82 9 66 41 64 93 44 25 51 97 75 39 42 86 28 90 87 52 48 20 94 62 54 5 55 4 77 1 29 19 67 74 22 56 99 46 61 3 60 36 98 35 59 95 65
1009 81 36 50 41 96 51 60 7 28 38 55 58 90 34 54 33 64 86 31 6 27 89 83 37 87 70 59 74 61 29 3 77 95 14 48 21 43 42 4 12 49 24 93 40 47 44 9 32 69 79 57 16 98 62 8 72 68 18 88 56 97 73 65 1 15 10 35 2 5 45 82 25 11 66 84 78 92 85 91 80 20 52 99 53 63 23 39 13 46 67 71 26 30 22 76 100 94 17 75 19
1007 79 81 52 11 31 6 38 66 64 34 87 42 91 27 55 78 32 22 99 25 57 85 16 26 71 68 15 74 45 35 5 92 24 89 40 65 21 54 53 90 88 33 19 76 14 67 46 1 39 48 83 98 2 50 62 61 3 18 82 70 44 7 30 9 37 56 69 51 100 13 12 93 86 63 17 95 36 49 28 80 43 84 60 94 96 41 97 72 75 29 8 73 4 77 59 10 47 20 58 23
1010 26 85 81 68 59 86 40 74 32 12 50 33 28 77 60 27 1 90 48 6 99 17 24 70 66 14 89 52 47 5 80 8 84 65 95 30 22 79 82 87 100 16 4 58 9 96 39 83 57 71 36 10 98 73 20 51 69 7 64 72 62 63 19 34 29 55 42 38 2 78 43 23 44 97 91 11 31 18 21 94 61 92 41 13 56 76 53 49 3 37 46 93 54 88 75 15 35 45 67 25
1005 11 91 86 93 42 12 71 28 34 67 79 94 2 22 70 73 6 29 59 43 89 21 25 9 17 83 51 95 40 87 54 62 16 32 88 90 74 82 76 7 36 1 63 99 75 84 31 55 77 68 13 57 10 66 65 97 5 38 41 61 23 98 45 24 37 19 96 27 85 60 44 3 72 78 49 33 8 50 58 47 100 56 52 18 39 81 80 30 53 64 26 15 48 14 20 92 4 35 46 69
1000 71 13 47 97 88 100 95 86 91 30 72 62 78 73 12 52 85 69 41 87 5 11 35 42 4 90 53 27 57 21 54 70 93 49 2 45 58 14 46 83 64 33 48 25 68 82 84 20 24 26 44 3 94 38 51 50 36 63 89 65 99 16 55 32 67 31 40 75 18 56 79 59 74 98 29 96 15 92 10 23 34 1 61 66 9 76 28 19 77 22 17 7 60 43 8 37 81 6 80 39
1007 33 7 44 59 100 91 53 28 72 32 14 23 43 27 24 12 79 74 94 1 97 34 5 70 10 96 8 87 73 83 62 19 30 6 58 35 82 61 25 78 84 95 57 90 47 54 2 89 16 71 42 68 13 77 9 69 88 20 4 66 63 50 40 55 36 81 67 17 45 75 60 18 76 65 51 31 26 85 38 46 3 29 80 22 56 86 15 41 49 52 39 92 48 37 21 11 64 93 99 98
1005 51 75 14 33 60 73 42 84 59 32 97 4 21 61 6 55 52 74 49 77 93 80 53 71 1 19 46 12 50 69 58 62 16 65 82 81 20 99 22 3 39 18 90 83 56 78 47 45 89 2 92 35 79 25 91 68 29 44 86 36 85 88 13 72 28 43 37 11 31 63 5 9 38 66 23 94 41 95 87 26 96 67 27 100 34 48 7 76 24 98 54 17 15 30 8 10 57 70 64 40
1000 13 89 6 96 27 64 15 35 59 48 23 47 29 8 7 85 30 49 79 36 9 22 20 38 34 70 99 93 82 73 52 26 62 39 18 72 77 91 88 44 24 12 95 74 11 46 37 63 5 33 100 32 60 65 40 53 58 75 84 16 80 61 71 54 57 1 66 87 2 31 14 55 19 92 86 97 94 3 43 4 45 25 21 98 28 76 67 69 56 78 50 68 42 83 10 51 17 41 81 90
1009 52 65 31 74 77 59 94 8 24 50 58 20 39 76 28 40 85 34 12 66 11 41 55 32 81 7 82 3 67 48 84 54 87 22 100 69 10 60 53 56 27 18 90 13 44 91 23 97 21 49 36 9 2 92 89 51 38 29 83 62 1 78 42 98 80 35 43 61 99 73 30 25 16 70 46 6 45 86 37 17 96 57 14 71 72 47 95 26 4 68 93 5 15 79 19 33 75 88 63 64
1000 97 47 79 34 71 26 6 32 18 92 31 37 67 59 98 57 63 53 24 55 75 12 4 41 56 36 86 94 40 51 62 27 68 84 83 46 89 35 8 15 77 95 99 17 10 49 7 82 85 72 45 91 80 29 30 42 65 100 23 74 22 73 81 50 90 25 44 60 88 21 54 1 52 14 2 93 64 16 78 33 58 38 61 70 13 96 48 69 66 5 19 39 11 43 3 28 9 76 20 87
1000 96 56 51 99 38 9 37 6 62 10 2 66 69 17 4 77 44 91 55 60 53 23 58 16 36 74 78 21 8 1 15 89 50 90 43 82 63 83 14 93 49 92 72 19 48 34 59 54 29 95 68 31 41 33 13 39 5 70 45 79 97 80 87 52 81 98 100 46 30 24 20 84 3 11 86 28 42 71 76 32 73 47 18 7 64 65 88 94 35 40 57 12 61 25 67 85 27 75 22 26
1007 31 25 90 34 74 39 79 20 26 46 21 95 67 87 65 98 97 10 84 66 8 70 1 28 36 51 2 38 23 77 30 99 61 76 42 12 100 69 68 92 73 3 27 44 6 19 45 53 75 60 85 18 47 40 81 35 86 59 91 64 24 7 9 58 89 11 17 41 62 43 48 49 14 15 5 71 55 57 13 32 29 93 94 4 80 82 78 52 37 33 83 16 22 50 88 54 63 56 96 72
1001 39 25 43 27 87 44 32 79 68 60 55 65 91 63 73 72 77 74 49 59 86 20 41 66 37 23 12 3 17 82 35 22 2 69 5 28 90 56 54 19 71 7 100 62 24 48 31 78 18 94 34 26 6 30 98 93 14 50 40 4 33 53 64 9 13 10 76 92 1 83 99 47 45 80 88 89 29 85 46 51 16 70 21 42 96 36 11 97 84 57 67 8 58 61 15 95 81 75 38 52
1006 1 82 73 84 43 89 68 51 3 74 30 21 7 18 91 79 34 37 33 46 55 29 53 23 76 100 56 83 26 80 12 19 28 87 27 57 95 48 49 41 62 25 13 85 60 69 24 93 45 96 15 90 59 11 16 35 36 66 2 52 38 20 17 5 10 32 8 65 81 99 77 4 78 47 9 50 63 42 86 31 54 72 58 67 88 70 97 14 6 75 64 61 98 94 40 39 92 44 71 22
1006 42 45 1 84 48 38 82 76 7 96 28 40 89 39 81 51 15 52 18 85 35 53 66 55 23 26 58 2 34 61 20 56 16 37 30 6 57 29 10 100 13 31 63 99 64 77 5 93 21 27 9 78 71 32 49 50 17 97 75 95 3 86 72 36 79 8 91 80 24 33 11 59 92 88 22 47 94 44 25 73 43 74 67 70 90 12 41 62 46 83 60 14 69 87 68 54 19 4 98 65
1004 40 3 77 20 69 52 73 33 66 90 18 47 80 79 14 83 63 22 41 45 8 24 75 32 28 58 99 39 15 65 88 71 46 96 67 38 89 29 6 30 37 35 61 25 48 54 23 64 50 10 13 92 60 1 82 16 87 57 72 53 97 76 36 70 98 43 81 26 31 21 100 49 59 9 78 12 62 27 95 94 44 74 19 4 86 85 93 5 11 17 68 2 55 7 84 51 91 34 42 56
1004 47 65 99 24 27 79 60 8 3 13 17 93 16 46 97 70 26 43 81 83 91 28 78 1 9 95 76 85 63 90 7 68 5 53 38 4 82 87 18 55 44 74 94 75 32 56 51 52 100 6 71 49 86 36 54 92 89 2 29 67 21 31 33 20 66 10 64 73 45 77 15 84 25 61 58 14 19 11 48 42 96 39 98 69 88 23 59 12 62 72 80 35 57 40 37 50 34 30 41 22
1005 52 30 39 9 62 25 89 95 3 28 6 11 87 60 4 38 92 45 63 81 99 17 61 53 79 29 68 73 37 55 34 24 2 76 83 74 47 31 14 18 72 13 8 98 1 16 86 97 58 26 15 23 46 65 91 78 19 42 5 22 41 50 66 43 57 32 84 27 48 69 85 70 21 12 33 40 67 80 56 75 64 100 96 93 90 7 82 20 54 10 36 77 71 94 59 35 88 51 44 49
1010 41 45 8 30 32 66 72 99 31 88 13 42 7 74 56 89 77 78 86 67 96 39 54 83 84 26 59 24 49 87 9 85 64 35 80 38 71 97 1 14 20 11 62 52 28 19 21 17 68 100 27 98 29 79 43 60 70 15 50 63 82 18 58 81 65 22 55 16 95 40 53 5 76 48 36 92 44 6 57 51 33 34 94 91 25 69 23 90 61 93 4 3 75 10 47 12 73 37 46 2
1006 50 68 44 46 22 63 2 52 31 64 88 66 7 59 97 8 34 1 35 14 13 12 85 48 93 49 9 18 36 19 33 67 58 73 83 3 69 42 53 84 61 27 47 11 76 86 41 26 77 62 39 91 6 23 10 57 40 60 54 90 79 5 45 81 78 100 38 29 74 80 4 30 89 24 15 51 21 65 16 87 43 56 28 92 75 82 71 17 55 25 96 99 20 98 94 32 70 95 37 72
1004 3 56 11 80 29 40 31 14 15 97 32 67 92 96 5 24 59 8 51 72 9 4 85 61 22 57 16 48 66 49 18 20 62 76 21 42 58 39 34 79 83 43 7 30 88 89 45 78 65 35 95 82 71 13 63 2 77 86 91 23 75 94 87 17 36 27 37 64 1 52 26 100 74 70 19 93 60 99 55 38 50 53 47 12 46 98 54 68 84 90 33 28 69 6 73 25 44 41 10 81
1004 90 96 12 56 38 98 87 76 24 36 23 99 85 97 73 8 54 7 4 60 82 78 1 89 48 93 15 53 100 46 63 59 74 52 40 91 64 29 33 13 65 21 35 34 27 10 61 32 16 79 19 71 81 55 75 86 17 77 42 43 11 18 57 88 30 45 68 80 6 83 25 51 67 84 58 31 69 39 9 72 41 14 70 94 92 22 37 62 5 47 44 95 49 20 50 26 28 66 3 2
1000 32 54 58 94 85 67 44 65 19 30 39 50 95 12 35 48 8 68 84 13 81 80 62 70 55 92 24 78 2 96 51 82 71 34 14 17 98 18 88 3 26 56 47 74 69 40 10 7 64 45 72 93 73 83 59 97 66 77 79 5 60 16 11 29 53 4 21 41 31 27 100 23 87 76 15 99 75 89 36 90 38 61 28 57 33 52 20 9 1 42 6 46 91 49 63 86 22 43 37 25
1002 99 66 39 28 71 32 87 62 89 13 96 19 59 63 56 86 34 73 74 70 80 35 36 23 7 10 37 44 2 68 30 60 48 21 81 95 85 98 75 79 26 29 18 50 58 67 97 64 5 12 100 55 52 4 61 92 33 49 20 24 42 40 94 1 88 82 54 90 83 16 6 77 72 25 3 17 14 22 38 31 9 45 51 91 93 57 65 76 46 8 47 69 78 53 15 84 43 27 11 41
1009 77 22 37 48 5 82 32 46 53 33 28 55 12 73 8 47 84 87 19 94 60 96 10 62 6 49 65 26 90 66 20 69 23 25 18 89 86 91 43 70 97 27 44 92 98 1 93 36 31 16 80 71 64 7 15 42 100 39 68 74 34 30 63 75 29 56 54 38 21 35 17 81 78 67 57 11 3 88 40 13 9 52 72 50 45 58 85 4 59 41 79 99 83 95 14 2 76 24 51 61
1000 87 83 49 2 86 27 25 100 78 7 30 40 19 64 92 59 21 17 98 53 12 89 48 33 82 6 11 35 31 54 46 18 60 77 73 80 22 24 84 93 42 45 43 72 56 47 41 91 28 69 50 57 79 13 63 88 94 1 3 14 4 65 95 32 97 9 39 51 34 29 23 16 62 85 44 5 75 38 96 76 55 61 36 74 20 52 67 37 70 66 10 90 15 99 68 26 58 81 71 8
1008 23 15 17 78 37 33 97 64 29 7 66 4 40 73 89 19 92 8 55 20 61 21 69 14 80 84 11 88 65 39 99 51 1 83 45 34 79 53 96 75 62 91 47 26 32 63 50 68 35 59 81 12 22 60 87 94 36 76 71 58 25 52 24 95 44 77 86 54 27 2 41 13 3 9 85 43 82 38 5 46 48 6 18 74 42 31 93 16 49 67 56 30 10 90 57 28 70 72 100 98
1009 18 97 70 5 16 78 45 11 75 90 66 8 87 35 91 56 51 30 15 99 59 73 9 79 31 85 57 24 49 34 93 37 14 54 41 80 89 86 71 64 92 95 96 25 58 28 21 48 32 46 100 17 7 27 72 63 83 81 62 1 53 38 61 88 20 22 50 60 10 29 39 94 69 4 12 26 19 52 33 55 47 44 74 42 43 40 98 13 84 2 36 68 6 76 77 3 23 82 65 67
1008 50 39 74 7 71 46 98 72 30 41 92 96 26 86 70 64 68 16 37 13 21 14 56 29 36 42 73 27 85 19 44 57 78 99 84 47 4 11 59 90 91 75 28 51 82 76 25 54 24 20 53 79 17 48 52 97 18 81 62 89 31 35 77 45 58 63 80 2 5 94 43 100 32 87 65 33 9 88 66 55 3 6 10 8 93 34 60 83 1 23 12 15 69 38 49 40 61 95 67 22
1007 83 56 39 62 70 55 81 46 92 73 43 34 85 12 57 79 69 20 4 100 38 31 1 68 64 13 88 52 30 44 86 98 59 61 10 29 82 77 53 17 48 96 25 37 45 76 94 19 65 15 7 72 54 40 71 14 97 95 58 9 87 90 23 41 21 35 60 49 6 22 93 47 91 27 42 36 67 99 50 84 26 3 28 80 32 2 16 75 51 63 74 78 33 8 5 24 89 66 18 11
1003 84 2 100 58 8 11 35 28 30 50 20 9 74 71 40 59 25 24 67 61 80 51 86 5 94 16 27 55 52 33 54 82 70 12 92 45 18 4 47 32 96 48 79 6 1 83 76 42 3 85 78 60 41 89 88 64 36 26 15 44 23 62 22 95 63 17 72 69 14 49 98 39 87 90 99 19 73 34 68 46 13 31 75 29 7 91 93 77 38 43 53 57 37 10 66 56 81 21 65 97
1001 63 23 46 31 8 27 22 75 24 45 69 97 12 92 74 73 79 37 9 52 35 4 98 65 61 43 48 39 16 77 71 67 100 88 36 70 49 58 18 59 38 53 87 32 95 78 82 66 11 51 80 96 50 90 33 94 76 57 40 1 34 55 44 81 60 91 14 28 21 3 10 42 17 29 56 84 30 13 72 5 93 6 19 47 64 2 26 62 86 54 41 20 68 83 25 85 89 15 99 7
1003 6 44 76 9 83 43 27 35 1 18 20 59 75 24 74 2 26 67 73 90 46 12 100 63 14 32 57 56 23 37 45 85 71 95 5 87 58 28 55 7 22 33 94 11 99 50 77 54 65 4 70 81 93 3 17 98 84 39 38 16 31 91 30 15 62 89 10 72 96 78 79 86 40 48 42 97 49 25 21 51 61 68 64 69 29 80 13 92 8 66 52 34 47 36 82 19 53 88 60 41
1009 79 23 9 98 61 66 72 43 99 91 73 25 83 59 5 48 57 63 77 17 35 56 71 14 100 78 21 50 30 26 45 88 28 12 24 54 70 94 64 37 62 46 80 10 95 97 38 19 29 47 74 60 53 40 85 86 18 96 11 20 75 15 92 90 87 93 51 2 82 8 68 69 44 33 3 34 81 13 76 41 7 58 22 6 16 4 42 89 84 39 55 1 27 65 32 36 49 67 31 52
1004 10 92 41 89 65 13 12 33 94 75 68 53 97 4 76 79 64 37 83 71 46 66 81 99 57 70 55 26 15 28 60 61 62 32 84 3 86 85 72 35 22 16 49 31 14 93 8 27 67 87 21 47 2 44 58 88 95 29 45 6 39 80 77 69 5 52 51 100 7 25 90 78 9 11 82 48 19 1 42 98 38 18 73 50 63 96 56 36 74 17 30 34 43 54 91 20 40 23 59 24
1003 6 47 4 19 14 61 96 20 84 87 24 46 48 29 76 13 100 66 15 62 74 67 21 71 93 12 97 92 88 41 31 57 83 89 95 68 28 43 64 18 70 45 34 80 85 44 17 25 32 78 60 65 10 72 49 58 55 56 11 9 22 69 75 59 98 23 33 51 5 54 7 50 26 79 2 53 35 3 63 86 52 90 94 38 91 73 81 30 27 42 82 1 36 8 40 77 16 37 99 39
1000 69 23 57 14 2 81 18 55 33 9 82 54 5 66 15 59 50 88 47 35 43 16 97 45 77 100 67 48 12 75 60 76 7 68 98 99 41 10 72 52 20 56 29 3 64 86 49 46 74 37 94 26 80 13 96 8 38 93 1 73 89 25 4 78 40 24 65 6 34 30 31 53 36 28 17 11 39 87 32 22 95 62 27 83 44 42 19 21 70 71 91 90 58 63 84 92 79 61 85 51
1002 100 34 83 38 17 85 47 63 60 98 62 4 25 27 94 20 95 19 99 18 53 10 3 97 29 14 90 66 93 31 15 79 73 8 65 33 70 5 9 67 81 69 46 52 76 87 89 55 24 48 72 49 54 59 36 51 68 64 21 74 44 56 39 2 77 23 78 13 22 42 86 35 7 82 80 92 6 50 43 11 61 88 41 30 57 75 1 71 58 12 32 40 91 37 16 26 84 45 96 28
1007 86 15 13 74 68 46 48 84 95 35 59 94 26 30 80 17 22 31 60 58 72 93 96 20 37 92 88 41 56 83 11 5 71 62 75 39 77 2 6 78 67 43 7 47 16 69 10 70 32 65 14 45 73 87 19 91 25 57 34 3 85 38 8 99 49 97 64 53 89 98 24 54 52 50 28 55 29 90 23 40 76 36 63 27 21 42 61 51 4 12 9 18 66 81 79 82 33 1 44 100
1004 96 27 95 33 5 85 75 88 43 67 79 90 40 14 28 99 54 53 62 86 65 30 7 47 38 8 17 94 84 20 78 63 68 81 66 26 56 12 57 55 87 3 13 73 34 16 92 15 70 69 41 2 49 10 18 24 32 71 44 58 4 29 74 52 23 72 64 98 91 37 83 31 93 60 82 11 50 45 19 1 76 25 35 6 59 36 97 46 9 51 89 42 39 21 80 22 100 77 48 61
1010 74 27 13 12 34 23 1 85 96 99 6 56 53 44 72 8 22 65 80 28 15 87 30 82 24 29 93 31 7 45 4 43 66 89 95 38 26 83 36 92 88 49 75 40 67 25 47 16 90 97 21 76 86 14 41 32 71 3 18 61 98 46 94 35 19 81 50 78 39 5 84 100 20 10 57 48 55 33 60 9 17 54 2 52 63 59 37 42 73 70 79 68 69 64 62 91 11 58 51 77
1000 18 99 54 66 47 30 51 25 84 92 7 21 15 43 40 75 55 98 71 79 19 9 59 87 95 85 42 81 89 100 83 35 50 73 1 8 78 2 36 70 22 74 20 34 27 82 26 52 38 39 29 53 33 90 23 49 61 14 80 72 60 10 13 5 63 17 3 24 11 97 76 16 46 67 86 32 57 41 12 58 94 28 93 65 44 37 56 48 62 68 91 77 4 69 31 96 88 64 6 45
1010 64 77 42 63 3 99 65 87 39 55 75 71 84 31 49 79 9 78 85 76 83 5 11 82 28 40 89 56 66 44 95 2 48 86 10 60 14 46 62 74 72 4 52 1 70 47 93 37 45 53 19 69 100 91 54 96 43 17 23 57 73 80 34 12 18 21 8 13 58 94 50 92 35 98 51 33 59 30 15 41 32 16 22 29 20 90 97 7 25 24 36 27 68 26 38 81 88 61 6 67
1006 39 75 70 92 54 1 59 89 69 87 45 2 28 49 80 9 72 40 34 76 37 30 93 61 41 23 4 85 88 46 36 96 42 19 57 84 8 18 35 5 7 48 27 55 97 81 51 79 26 86 16 78 99 58 63 24 56 15 25 82 12 6 47 13 14 94 52 71 17 74 31 10 3 77 64 90 21 66 68 11 73 95 22 100 62 53 83 44 98 33 50 38 43 20 60 67 91 65 29 32
1002 35 45 95 52 17 37 43 56 2 62 75 40 27 34 5 64 73 71 91 6 90 80 77 47 3 100 58 32 39 93 86 81 33 30 89 70 92 24 4 8 61 88 10 18 57 54 72 44 55 83 16 65 84 15 11 31 98 82 14 96 36 7 63 13 74 87 76 67 85 94 20 97 69 79 60 50 21 42 12 68 46 9 19 1 48 59 28 26 51 53 66 41 78 99 23 25 22 49 38 29
1001 65 7 33 69 52 55 14 12 97 53 60 9 64 83 70 13 39 82 6 34 57 77 50 75 85 32 49 3 100 87 99 25 28 63 89 91 92 42 94 93 10 48 86 16 43 62 23 73 71 84 66 15 26 35 95 11 90 51 61 59 1 24 37 29 8 98 22 36 18 30 96 54 2 72 20 38 74 19 81 76 47 80 78 4 56 58 5 27 40 41 21 68 46 31 88 79 17 67 44 45
1000 19 26 52 95 13 31 43 37 24 5 44 97 90 68 21 22 80 10 79 39 58 30 78 4 34 15 28 69 14 55 89 66 3 83 76 7 87 77 50 51 25 9 49 36 93 73 46 84 42 41 71 67 100 65 33 60 12 81 6 75 27 47 53 64 88 32 20 45 17 70 63 2 40 38 92 74 94 23 99 54 56 91 86 18 57 59 1 62 72 96 82 35 48 85 11 29 16 61 8 98
1001 93 22 2 78 69 95 21 83 89 56 18 15 12 39 99 54 36 90 73 49 84 10 71 87 70 23 86 35 34 27 4 25 38 62 40 65 19 97 81 47 94 42 17 14 57 33 96 63 98 51 85 45 46 91 48 37 59 92 82 6 61 41 64 76 74 43 80 52 68 29 8 77 7 28 75 67 11 13 30 60 31 9 5 88 100 1 26 32 55 79 66 58 16 20 72 50 24 44 3 53
1004 87 59 32 35 21 98 77 81 46 5 72 45 33 48 43 83 89 66 51 88 14 27 94 92 67 96 19 44 80 68 41 34 91 60 85 50 42 63 18 4 49 6 86 70 3 39 26 23 12 75 95 9 28 54 30 53 73 82 36 7 99 24 78 100 10 62 79 71 90 20 25 40 31 47 37 56 52 57 29 38 65 64 17 13 74 69 58 8 97 16 22 93 1 84 55 76 11 61 15 2
1001 49 85 41 25 24 100 32 98 76 45 16 36 86 94 82 43 18 39 83 96 72 60 31 75 44 79 37 65 21 51 38 34 97 74 61 92 47 12 55 78 15 87 20 23 88 69 66 10 14 26 35 80 29 40 54 13 30 48 93 77 71 64 33 9 50 53 56 63 91 8 57 70 11 89 46 81 42 5 58 2 7 73 27 99 3 84 62 28 67 17 19 1 4 6 52 68 95 59 22 90
1008 100 18 33 72 1 3 37 75 16 88 70 59 78 44 66 22 61 15 68 11 99 71 83 42 63 97 38 73 40 13 79 24 77 31 54 62 85 53 45 48 74 55 94 39 52 65 67 5 2 76 91 90 20 64 23 34 26 35 32 58 81 50 92 60 41 21 98 27 82 96 49 17 95 8 87 12 89 57 36 4 9 19 56 47 93 14 46 69 6 84 86 30 10 28 7 25 29 51 43 80
1007 75 33 26 89 10 46 90 83 93 84 52 22 94 49 31 17 91 45 70 40 95 38 80 23 71 68 42 62 50 24 47 67 51 61 25 76 27 14 19 58 54 41 12 21 9 34 98 63 1 48 43 35 55 74 65 7 81 85 4 53 56 59 64 72 30 82 66 28 69 99 32 36 88 18 92 57 96 73 37 13 97 2 11 78 6 8 15 5 39 60 87 86 77 20 29 3 79 16 100 44
1001 88 97 58 64 20 59 68 36 99 49 70 21 100 47 34 32 1 90 38 98 40 55 92 27 81 79 14 35 77 18 74 86 53 62 3 8 15 87 94 37 23 93 54 44 10 39 78 61 56 29 22 50 63 45 2 33 12 25 65 83 6 84 69 89 46 13 76 52 5 7 96 57 67 31 75 11 51 24 95 60 17 30 4 16 19 82 73 42 43 41 28 80 71 72 66 48 91 9 26 85
1009 94 29 80 74 5 48 50 62 60 51 100 25 99 7 61 2 63 34 46 96 19 30 53 13 26 90 70 28 76 44 56 92 83 18 10 52 49 3 45 64 12 81 95 17 58 37 11 77 57 31 47 40 6 93 23 79 35 27 91 9 78 82 54 59 42 38 24 55 84 8 86 22 67 32 69 39 43 73 72 66 14 88 20 21 36 71 15 98 65 85 4 75 1 33 89 16 97 87 41 68
1004 72 14 88 40 85 20 59 31 79 37 50 70 15 87 8 74 16 34 56 66 6 80 11 18 57 32 25 29 69 26 63 45 27 19 47 1 86 30 91 22 42 83 99 52 13 77 97 36 17 7 51 35 48 49 90 58 54 64 68 5 82 12 92 43 93 44 23 62 65 53 24 98 41 10 76 39 71 78 3 38 4 95 81 94 96 60 55 33 73 61 28 100 89 21 75 84 67 9 2 46
1010 4 94 85 41 61 10 43 2 88 25 36 14 24 53 30 23 76 68 32 82 3 50 62 18 73 57 9 77 99 56 19 7 72 8 45 29 16 91 65 26 69 47 38 28 1 6 87 37 15 93 48 66 70 58 78 75 74 67 46 55 84 11 33 92 21 31 60 59 5 83 35 13 81 95 90 40 44 80 27 54 20 17 52 39 12 64 86 49 51 34 97 96 22 42 100 71 89 63 79 98
1003 25 82 33 39 14 37 99 9 51 15 88 91 63 95 73 66 47 32 20 31 98 50 55 27 6 43 12 34 87 64 22 70 16 76 41 60 93 92 26 1 2 7 35 36 61 58 77 72 96 18 65 23 97 10 46 53 90 45 85 4 49 69 44 80 79 68 57 8 83 38 78 71 42 94 30 52 56 40 3 21 11 13 74 28 19 48 84 29 59 100 81 5 62 24 75 86 67 54 89 17
1010 46 73 94 7 99 17 35 21 91 87 14 60 71 69 39 27 5 86 82 48 92 12 2 67 78 51 85 10 80 24 59 72 66 29 62 43 88 4 79 28 77 13 74 65 90 49 75 11 83 76 33 8 55 40 3 41 45 22 38 50 23 9 64 53 34 47 54 81 26 98 96 36 42 1 25 37 31 95 16 58 93 63 52 100 84 56 68 97 18 30 32 19 61 15 89 44 6 57 70 20
1010 96 90 21 94 12 92 7 26 97 82 41 43 22 72 23 36 99 38 51 42 33 75 6 56 85 1 29 58 34 46 55 86 16 48 98 83 74 76 2 89 45 57 18 14 84 9 62 95 87 4 19 24 66 100 49 88 64 59 5 44 40 52 81 54 71 17 61 50 53 32 28 73 80 3 8 37 77 91 20 93 10 65 79 78 69 68 35 25 70 47 30 27 63 60 11 31 39 15 67 13
1004 51 14 7 23 93 71 27 53 31 54 73 56 26 20 70 43 62 77 18 38 28 72 46 64 92 22 65 85 50 45 48 61 89 9 44 55 40 30 69 87 63 41 5 79 42 4 82 1 83 24 34 80 74 67 59 25 95 6 88 12 2 3 94 81 84 98 100 60 29 39 90 68 86 75 66 37 76 47 8 52 17 58 21 96 57 33 78 35 97 13 10 15 99 36 11 16 19 32 91 49
1002 30 25 24 70 15 73 22 9 71 45 59 31 7 92 16 27 85 18 72 1 79 29 75 2 94 41 6 84 20 38 5 12 91 96 28 95 58 47 50 74 63 43 35 39 13 11 8 19 89 93 55 60 68 32 10 26 48 17 3 99 51 34 64 66 54 42 81 97 36 53 33 40 61 76 52 37 14 88 21 4 69 65 87 83 44 49 46 67 23 90 82 56 78 98 86 57 80 77 100 62
1001 91 8 69 54 32 3 57 52 30 87 86 78 94 56 5 6 37 88 63 33 66 45 24 93 60 38 49 70 28 19 71 58 65 39 81 79 51 16 83 82 72 97 18 55 62 12 7 34 73 92 29 15 100 76 20 80 75 22 21 67 26 90 17 46 13 47 99 40 23 1 25 61 44 53 14 85 11 68 95 43 41 50 84 74 36 10 9 2 4 42 59 35 27 98 89 77 48 96 64 31
1000 93 33 55 70 92 32 38 71 31 44 1 81 65 36 68 4 52 17 11 29 15 87 83 62 30 69 59 84 16 34 25 78 20 3 82 45 19 47 85 86 49 72 24 10 89 51 50 18 91 5 96 41 6 39 61 53 80 21 99 98 60 77 27 57 90 48 88 37 2 46 74 8 64 54 42 35 58 13 67 100 9 22 76 94 28 66 97 43 73 7 56 63 75 40 26 79 12 14 23 95
1003 63 39 53 55 32 80 5 44 66 51 16 35 24 15 98 92 74 68 7 17 77 2 43 48 85 91 86 26 19 96 89 56 94 79 81 13 29 23 93 76 33 62 4 87 73 47 72 3 1 57 8 41 49 46 22 10 65 6 88 14 64 34 84 37 95 58 25 99 27 28 45 31 78 61 40 11 54 38 60 83 75 71 97 42 30 69 90 36 18 9 67 70 82 12 52 50 20 100 21 59
1009 85 24 3 6 32 33 19 99 42 69 20 26 95 96 80 66 65 84 82 51 77 71 45 78 52 49 15 97 12 63 44 72 22 9 68 58 59 100 5 74 23 2 14 81 53 48 35 4 73 11 70 31 18 1 47 94 91 93 76 27 56 55 61 16 75 7 13 67 21 79 25 34 60 41 8 50 46 37 88 17 10 86 38 90 54 98 36 57 40 29 83 89 39 28 64 43 62 87 92 30
1008 66 24 60 48 61 78 32 75 44 96 30 18 33 73 94 2 65 62 22 51 72 97 59 57 85 55 31 39 28 83 89 45 29 8 95 69 74 53 36 50 86 100 34 27 37 11 7 25 49 99 90 81 76 16 82 3 93 1 47 41 26 17 46 88 77 71 92 40 13 10 5 79 54 91 12 67 15 84 63 70 64 4 23 38 43 68 80 42 35 52 87 58 56 21 9 20 14 98 6 19
1008 37 17 85 51 70 27 33 18 19 15 73 56 72 5 4 3 76 7 75 46 88 28 16 100 32 68 38 62 55 36 14 39 23 6 93 9 20 61 1 57 8 53 83 10 31 54 90 25 11 42 65 77 21 48 40 58 84 26 2 86 45 13 43 91 47 95 59 69 30 22 87 97 63 34 79 74 89 66 49 35 99 82 24 44 41 12 52 92 71 96 29 81 60 78 64 67 80 98 94 50
1005 1 78 33 95 81 8 82 54 66 68 39 73 38 55 20 51 52 28 42 27 59 19 79 14 25 47 12 65 3 75 72 57 6 22 11 32 58 86 37 36 15 67 70 34 60 83 2 13 74 30 84 9 50 17 45 46 10 90 94 96 99 5 24 76 77 98 4 35 21 48 23 88 63 85 61 100 89 7 80 29 71 64 97 49 31 69 91 43 92 44 62 41 40 26 16 56 18 53 87 93
1001 27 72 2 42 17 62 95 50 20 31 15 94 83 23 3 69 99 8 12 44 41 79 48 39 93 6 54 86 45 26 92 67 85 87 58 51 53 64 71 89 37 36 88 18 28 90 98 29 32 61 46 16 24 38 4 21 70 40 30 49 73 22 7 65 57 10 14 33 11 91 59 19 55 63 80 100 84 9 35 52 68 81 25 75 43 74 47 34 76 96 82 97 1 77 56 5 66 60 13 78
1004 83 70 84 31 10 52 75 26 92 25 7 85 56 80 42 18 81 71 53 47 89 11 88 33 15 20 23 27 24 61 48 100 98 50 32 77 30 4 65 49 8 43 78 86 58 60 5 69 87 96 79 59 68 66 72 1 6 3 99 46 54 82 22 97 9 36 12 40 39 62 94 41 93 51 35 44 38 28 17 13 67 63 95 19 90 74 34 45 73 2 21 16 55 37 14 57 76 29 64 91
1010 87 43 66 50 80 6 62 99 75 40 68 25 31 69 72 56 96 49 16 23 95 78 13 11 64 15 37 92 93 54 83 67 70 1 33 84 20 71 41 29 73 88 42 2 32 9 52 27 19 4 90 59 51 94 24 28 63 81 98 76 79 18 65 57 38 77 60 8 35 22 17 97 36 45 58 12 46 53 26 39 3 30 47 34 89 91 14 100 5 61 10 7 74 48 85 21 86 82 55 44
