100 100
1004 12 78 75 15 64 27 99 48 74 43 23 14 46 42 60 71 85 62 94 4 49 51 59 95 19 81 36 29 80 32 41 20 3 5 56 52 98 55 2 70 28 63 100 72 73 93 9 34 50 79 54 87 84 10 11 68 89 66 61 39 35 17 22 65 92 47 1 18 86 97 53 33 69 30 67 77 57 76 8 44 96 26 7 13 31 25 40 82 83 90 6 88 16 58 91 38 45 37 24 21
1006 48 25 20 30 56 10 2 19 70 7 77 35 23 37 76 94 90 73 55 50 53 81 63 45 46 54 83 51 44 8 78 43 67 13 84 62 39 87 68 74 22 11 5 36 26 49 71 3 75 64 79 16 92 15 29 4 58 34 97 31 66 47 95 33 98 96 17 69 85 99 32 65 52 42 38 60 59 91 80 88 72 1 28 27 12 61 24 41 86 9 18 100 82 6 21 40 93 89 14 57
1008 27 85 56 26 79 99 61 90 72 83 96 92 19 4 88 62 6 57 33 14 81 82 69 34 52 44 66 35 98 17 22 23 58 11 1 9 12 3 28 54 80 2 46 64 65 77 97 71 13 67 74 76 49 89 15 53 51 25 68 95 5 43 93 42 59 38 39 73 60 24 84 47 29 45 86 21 91 78 48 50 37 94 41 40 18 16 20 75 31 70 32 30 100 36 7 8 55 63 10 87
1004 34 87 1 21 74 6 2 44 73 80 75 12 77 79 43 15 23 35 52 69 50 53 92 33 60 97 45 26 24 40 48 17 29 86 28 90 88 99 37 11 68 83 4 81 61 64 62 63 51 89 7 8 47 22 39 32 10 19 65 57 27 13 85 16 76 25 84 49 96 18 30 71 41 72 42 94 66 54 55 36 58 14 95 5 98 20 56 93 78 82 59 38 9 31 3 91 70 100 46 67
1003 98 85 74 38 69 77 1 15 36 50 32 64 94 90 26 89 31 99 7 18 20 11 8 51 82 60 29 46 43 41 76 52 35 83 88 27 33 67 97 95 62 93 14 34 70 66 71 37 49 75 57 86 45 47 91 53 56 87 80 24 40 58 10 78 73 79 59 21 23 68 42 65 9 30 48 55 61 13 2 12 4 5 96 63 28 84 92 39 22 25 19 44 3 81 72 54 17 100 6 16
1009 30 17 35 98 5 82 39 37 46 52 11 57 14 83 64 8 13 92 87 93 97 80 27 76 6 68 71 24 25 29 65 36 22 96 54 43 23 67 94 49 53 74 34 55 72 85 19 70 63 88 32 41 7 2 45 3 21 73 20 100 12 15 75 38 26 61 60 84 16 1 47 44 78 28 77 86 10 50 40 56 9 90 51 79 66 59 58 31 42 91 95 48 33 99 18 4 89 62 69 81
1001 8 84 54 73 33 66 67 55 1 44 20 36 83 51 98 47 25 62 74 95 61 37 49 9 93 42 96 99 90 94 65 4 39 56 23 87 63 70 26 69 50 81 14 22 68 76 12 5 97 91 19 48 85 43 7 21 59 17 71 38 28 32 52 80 27 13 60 41 24 89 88 11 34 6 79 16 92 53 82 29 10 77 45 3 64 2 15 46 18 75 57 72 35 78 31 40 86 58 100 30
1000 14 99 81 46 10 74 66 80 38 20 4 55 32 11 26 8 54 70 77 43 51 63 16 91 58 73 34 72 100 62 35 30 7 27 50 33 97 92 94 57 76 5 89 60 6 41 48 87 65 22 19 25 44 53 61 45 90 64 96 42 23 52 67 95 18 86 71 49 15 82 12 36 84 69 98 79 83 9 24 78 56 39 21 59 47 29 93 88 68 75 28 40 37 31 2 1 3 17 85 13
1010 3 64 33 100 29 49 94 81 65 78 58 73 71 26 79 82 45 86 55 35 85 83 21 41 14 34 17 89 12 18 61 56 39 47 2 23 5 59 36 48 96 98 72 9 77 90 32 63 52 44 69 43 87 88 15 75 95 67 7 8 4 40 31 53 97 54 91 93 92 25 27 1 51 19 80 37 22 42 76 10 70 24 38 60 50 84 66 62 20 68 74 13 11 30 28 99 57 16 46 6
1005 60 35 57 51 24 44 48 23 80 31 17 78 90 83 84 93 3 67 13 30 55 1 32 85 75 86 89 92 41 88 69 12 54 9 76 22 10 15 20 64 46 53 70 65 49 63 82 29 68 79 38 97 74 87 47 5 16 11 71 100 34 19 25 6 61 95 42 7 96 2 77 52 8 40 94 91 50 62 73 98 36 39 58 66 37 72 99 59 18 43 26 33 81 28 4 21 14 45 27 56
1000 83 89 49 59 62 65 75 29 40 12 64 4 47 44 68 15 9 87 63 79 61 53 51 94 41 86 6 57 27 38 100 8 58 52 91 17 97 96 70 24 81 67 55 82 39 84 76 46 48 7 19 10 74 34 73 36 31 54 98 66 56 33 77 11 85 25 45 72 23 71 35 13 60 1 42 3 14 16 69 50 78 93 2 37 21 20 88 5 28 26 22 18 30 92 90 95 43 80 99 32
1003 3 50 41 66 36 56 44 71 4 35 2 14 8 34 84 61 6 23 80 5 55 33 82 38 79 53 42 47 40 67 92 18 24 48 29 1 30 27 39 99 94 70 19 31 64 87 51 65 59 89 26 88 98 72 12 77 91 17 86 90 9 52 74 45 75 54 76 11 95 73 46 58 7 93 100 96 68 13 15 60 21 69 63 37 62 28 22 25 20 78 10 97 85 81 16 57 49 43 83 32
1009 93 40 36 83 33 72 21 26 67 3 53 75 95 18 37 43 20 27 90 88 56 65 64 19 48 39 63 2 74 6 11 49 92 32 80 47 70 78 77 59 31 34 29 4 62 16 42 86 87 13 58 76 97 30 17 50 24 22 82 66 5 15 9 54 45 79 57 81 28 35 12 41 100 96 7 68 69 98 1 73 89 94 85 23 84 8 61 44 46 91 55 10 60 51 25 38 71 52 14 99
1009 39 97 58 81 29 78 92 98 36 62 60 44 43 83 61 25 12 88 33 34 82 56 18 80 51 68 13 31 2 75 32 74 95 24 72 59 79 37 66 67 49 6 17 35 41 100 63 40 99 20 90 1 28 96 30 21 87 91 45 93 84 70 73 47 53 27 89 94 22 54 9 8 23 52 77 48 7 5 15 14 71 76 42 86 55 19 57 50 4 3 64 65 26 46 16 85 10 69 38 11
1001 75 91 92 16 65 30 90 23 99 57 80 33 51 32 88 77 93 49 94 53 39 42 29 50 13 64 84 56 22 95 59 61 87 44 6 98 68 78 26 20 54 100 27 55 76 83 79 97 17 38 21 46 96 67 35 63 82 18 60 43 81 11 10 48 4 15 8 73 45 58 19 40 52 7 71 72 3 85 66 70 31 1 41 28 12 14 24 69 47 25 2 62 86 5 9 74 89 37 36 34
1007 57 83 70 95 43 74 77 37 11 17 64 12 80 54 22 81 89 71 69 94 100 63 34 7 76 4 73 18 45 23 91 46 52 9 13 39 2 93 48 78 6 1 82 33 85 97 15 16 40 21 30 99 56 5 42 86 51 35 58 24 88 14 90 32 59 98 61 38 79 55 3 68 31 47 72 29 26 10 19 67 20 50 49 28 53 65 87 36 27 25 44 75 96 60 8 84 92 62 41 66
1000 8 91 23 29 20 28 15 11 87 55 36 52 63 32 90 99 75 74 80 1 22 19 44 39 49 6 50 57 9 78 81 40 12 25 61 5 89 66 27 48 84 79 43 2 67 17 60 33 68 96 97 35 65 93 18 62 10 37 24 46 69 88 53 16 76 98 14 7 100 51 94 59 73 30 83 85 45 42 72 13 4 92 82 77 34 95 47 38 86 70 26 58 31 3 21 71 64 54 41 56
1000 17 80 96 46 58 47 5 83 62 44 25 43 22 40 60 86 88 50 63 84 24 67 74 93 8 29 77 41 85 13 14 11 15 19 48 90 38 72 53 45 78 56 3 68 35 6 32 98 65 37 52 70 92 7 59 81 23 69 21 75 16 4 28 79 1 30 49 12 71 100 26 94 42 91 51 20 36 76 33 89 2 10 73 61 99 18 97 31 9 95 57 54 34 64 27 82 66 55 39 87
1010 11 100 66 59 14 85 32 43 8 68 47 5 64 84 60 15 16 13 29 98 48 90 38 23 56 18 54 27 46 72 91 63 42 78 25 20 93 51 21 2 19 58 40 94 96 41 6 79 71 53 45 95 34 30 55 52 57 69 50 75 82 81 92 77 89 28 86 97 99 76 7 61 24 67 62 36 80 73 9 83 1 12 39 26 49 31 87 22 33 70 10 44 65 3 17 74 4 88 37 35
1000 77 28 1 49 27 98 11 19 10 60 52 29 44 2 24 87 6 97 4 16 20 76 100 75 34 93 48 53 47 39 50 89 69 84 9 72 83 31 7 41 13 45 91 26 81 15 43 8 55 78 37 5 54 21 46 3 30 40 61 51 82 92 90 70 42 17 33 58 71 79 73 68 18 66 63 36 22 85 64 25 99 14 23 57 32 62 35 95 96 12 67 59 74 94 65 86 88 38 80 56
1003 25 46 27 20 66 77 38 31 17 23 67 63 52 98 72 50 70 9 86 91 49 35 4 84 8 33 1 26 89 37 51 41 99 3 94 74 68 58 57 60 6 48 29 95 61 39 83 30 22 42 97 78 100 32 71 40 65 62 12 69 11 81 7 45 34 80 75 2 92 13 55 19 56 47 21 96 88 87 18 28 36 93 14 24 44 73 90 5 10 79 59 82 85 54 76 16 43 15 53 64
1009 66 14 51 75 1 90 38 99 63 92 22 78 82 97 25 31 4 70 74 37 91 44 53 61 41 12 21 58 49 29 11 13 86 20 19 93 95 5 30 54 96 48 89 98 68 42 64 26 9 57 28 18 46 32 69 65 39 59 45 87 56 79 43 67 40 16 71 72 2 50 88 35 52 3 47 84 81 8 27 34 85 6 33 23 77 24 15 17 100 55 7 10 60 80 36 73 62 94 76 83
1003 90 46 15 39 88 92 77 41 6 3 14 57 95 38 84 75 8 13 65 91 31 89 17 18 56 97 19 100 78 30 40 72 10 36 12 63 74 54 68 82 28 87 62 34 61 59 53 66 64 76 22 83 4 69 25 29 93 70 50 99 27 55 98 1 49 43 48 24 60 5 20 32 73 9 86 35 45 2 23 11 81 58 26 94 96 21 47 79 67 52 71 42 33 44 51 37 7 16 85 80
1010 58 59 67 94 93 10 97 19 28 63 60 57 35 72 49 62 37 20 99 38 17 85 5 53 45 34 98 92 41 21 33 1 22 16 81 69 77 76 13 26 84 75 48 11 68 18 80 9 3 54 36 51 4 6 40 74 25 88 47 42 31 12 78 65 43 79 23 55 14 15 71 83 96 46 44 87 29 73 39 7 86 27 61 8 2 89 50 91 24 66 30 64 100 70 32 82 56 90 52 95
1006 5 84 55 93 48 26 19 72 97 15 49 14 30 3 22 83 23 16 95 66 43 89 17 60 71 81 92 35 59 2 54 69 63 90 65 12 99 32 1 82 34 88 67 64 77 62 4 44 91 20 57 96 50 100 10 78 98 58 18 73 61 47 36 38 11 53 74 33 87 76 42 39 80 21 8 70 6 37 68 31 25 24 51 94 75 13 27 46 28 79 29 40 85 45 52 9 86 41 56 7
1002 6 5 20 69 24 89 55 77 99 34 54 59 3 95 75 12 74 8 9 32 84 2 96 86 94 92 65 85 17 71 80 40 38 70 14 97 51 64 43 44 25 41 11 73 13 57 98 49 61 23 50 21 36 10 58 18 81 29 72 19 15 27 35 78 33 22 48 79 93 88 60 83 42 87 39 28 76 16 82 7 46 52 37 67 56 63 91 26 1 66 62 30 68 45 47 100 90 4 31 53
1008 10 90 83 15 66 86 73 62 96 81 39 53 91 50 19 26 54 5 31 76 72 98 60 67 59 28 16 100 71 52 70 8 14 78 48 35 25 46 40 34 23 17 47 95 88 97 12 21 99 9 27 41 87 56 77 75 69 79 18 94 29 38 89 24 30 42 20 4 44 32 1 68 64 85 11 84 57 37 7 80 13 6 2 61 3 65 22 93 43 49 51 33 45 82 36 74 58 92 63 55
1004 17 81 69 25 60 87 59 42 95 78 99 33 64 18 97 65 98 85 86 79 28 62 71 72 57 14 47 27 58 30 66 26 12 49 41 96 67 34 83 6 21 92 31 68 9 8 54 56 29 20 52 82 55 74 4 1 61 46 77 84 23 2 76 93 63 3 22 75 11 51 94 91 44 88 7 5 38 50 89 70 13 16 45 90 53 40 39 15 19 80 48 100 35 73 10 37 32 36 43 24
1007 18 25 39 99 55 61 42 77 41 52 1 69 92 46 26 91 7 51 33 96 62 4 63 90 40 44 16 11 66 65 9 13 72 93 27 85 74 87 30 37 38 17 81 15 98 34 59 22 21 78 19 54 58 31 94 53 57 12 36 48 75 64 82 6 8 43 20 14 67 45 60 24 84 35 70 79 49 76 47 10 50 28 73 89 80 2 56 23 71 97 29 88 86 100 32 68 3 5 95 83
1006 16 21 73 84 94 100 64 98 17 70 91 41 61 93 5 55 53 26 18 34 19 23 99 77 35 92 69 28 67 1 24 42 87 52 15 48 47 11 76 31 74 65 43 56 82 27 8 45 36 86 3 6 33 2 62 39 38 25 90 22 96 9 32 10 72 44 66 29 12 89 97 79 54 59 30 85 50 68 46 7 75 60 80 63 40 49 57 88 13 78 51 95 20 83 58 71 14 81 4 37
1002 99 46 48 92 58 100 6 50 24 61 41 96 57 32 42 27 2 56 52 43 13 33 87 82 59 55 54 21 53 28 70 86 44 3 9 60 84 67 23 93 4 25 8 51 29 94 78 22 71 77 75 19 68 49 81 91 80 36 34 85 65 72 1 73 12 31 95 20 63 18 79 7 74 88 64 11 90 97 15 98 89 30 40 35 83 76 47 26 39 14 5 16 62 17 10 66 69 45 38 37
1005 93 69 5 51 63 50 14 60 83 75 97 32 74 64 25 41 99 86 39 29 10 48 40 80 90 46 84 66 23 17 38 94 9 1 53 56 30 73 42 57 37 4 26 81 82 16 78 12 21 7 36 31 92 89 77 6 45 18 15 55 79 34 98 13 87 95 8 24 96 35 54 85 11 49 22 52 33 19 59 91 76 67 88 43 3 65 68 27 47 72 61 2 20 28 70 71 58 44 62 100
1004 62 64 16 2 83 51 34 70 61 100 56 32 12 38 97 76 91 86 10 4 42 20 27 96 95 69 68 67 11 36 29 77 74 75 15 31 41 14 40 39 72 47 13 57 65 49 22 60 9 45 23 33 63 30 66 18 53 55 7 50 1 25 93 8 94 71 48 26 6 19 99 46 88 59 37 17 85 89 52 3 24 87 35 73 78 28 79 43 84 21 81 58 54 92 98 82 44 80 90 5
1006 60 11 21 38 97 84 69 27 79 22 70 81 73 23 3 63 71 62 57 78 75 6 95 92 31 82 94 87 18 51 17 25 32 68 77 74 45 35 80 64 40 52 30 14 29 61 34 10 85 90 99 15 96 1 93 39 42 98 86 46 49 16 59 7 83 56 91 89 88 55 43 53 19 12 20 37 8 36 5 72 66 48 41 50 33 4 2 9 54 47 67 26 65 44 76 58 100 28 24 13
1007 5 79 53 3 41 69 60 29 62 84 14 42 66 17 83 31 13 43 20 75 33 46 6 95 77 64 18 94 10 39 56 88 92 22 67 1 61 40 96 82 30 71 28 58 35 76 57 80 91 11 32 85 100 26 55 48 23 87 81 68 27 49 72 99 65 2 45 90 98 24 89 74 59 16 12 4 78 8 36 44 70 37 73 15 21 50 52 86 63 47 9 34 93 7 97 38 51 25 19 54
1008 93 52 22 19 45 11 14 32 87 66 12 7 71 96 82 48 34 50 4 36 25 1 41 69 59 23 29 80 100 61 83 24 99 15 84 75 40 77 5 55 21 42 74 94 27 73 60 16 30 2 64 90 9 78 68 13 91 65 51 8 76 37 92 81 85 17 39 6 3 10 98 67 44 57 86 33 38 95 18 97 89 70 88 46 26 47 58 62 28 49 54 53 63 56 79 35 20 72 43 31
1006 44 43 20 6 71 94 67 76 41 34 60 39 4 81 8 29 96 17 90 72 46 2 21 97 58 3 5 48 75 79 40 68 27 23 100 12 77 56 47 92 49 61 54 38 14 45 33 66 82 55 26 63 99 85 70 89 19 7 24 98 69 1 28 65 25 31 22 37 51 62 78 15 91 73 11 13 95 87 32 10 83 36 93 88 35 53 80 42 57 30 84 52 9 18 16 86 64 50 59 74
1003 91 96 39 4 40 36 73 43 35 37 60 24 15 62 10 18 27 65 8 20 94 92 29 11 22 71 16 19 6 74 69 21 14 72 1 28 33 88 82 30 53 95 78 12 66 17 55 52 47 81 75 42 56 70 57 100 9 86 51 93 89 3 38 64 63 87 80 79 59 13 26 76 49 2 83 61 68 48 31 90 7 44 58 25 99 97 77 98 5 34 84 45 23 50 46 32 67 54 41 85
1006 48 58 2 6 76 98 80 65 85 82 92 69 54 20 9 25 67 10 86 16 66 71 46 28 44 51 95 38 77 88 32 90 37 33 11 99 64 31 52 74 4 30 12 89 73 3 63 43 61 34 87 91 97 39 47 29 24 8 78 13 50 14 68 55 45 1 49 94 72 26 93 36 75 96 42 79 5 53 56 57 21 59 70 17 27 15 100 60 40 84 22 83 7 41 18 19 81 23 35 62
1007 79 83 77 30 70 64 33 10 56 76 82 22 80 96 74 91 86 73 71 47 69 58 5 7 65 66 26 61 68 46 32 27 92 21 45 13 16 84 20 93 89 2 17 48 29 81 42 43 35 90 9 1 97 62 87 28 53 50 44 52 55 25 59 4 39 24 31 40 67 34 88 18 100 95 57 99 19 15 54 8 63 23 36 94 37 11 72 41 12 85 78 6 98 3 38 14 75 49 60 51
1005 82 66 9 19 8 4 87 62 84 39 73 69 52 21 3 55 68 81 61 5 90 37 60 51 27 34 91 24 83 18 79 100 96 74 80 65 57 23 76 53 95 89 45 41 56 14 49 63 32 48 29 77 71 93 25 54 58 2 16 20 92 70 72 36 43 1 17 31 97 33 13 10 38 15 7 67 42 47 22 30 94 98 28 6 99 75 88 26 50 40 59 12 46 85 35 44 86 64 11 78
1001 47 39 79 94 78 5 51 7 14 90 31 84 64 45 26 80 58 43 92 76 21 71 12 73 74 19 20 24 81 53 72 91 56 37 46 98 41 34 11 96 61 89 54 67 28 59 4 32 97 63 13 69 38 44 8 77 40 93 88 83 3 86 70 100 29 23 66 33 82 15 18 17 57 87 55 16 35 36 75 25 52 68 22 27 62 10 9 48 65 30 60 95 2 1 42 6 49 50 99 85
1006 59 67 32 100 2 21 69 88 8 19 93 34 26 68 76 16 22 89 1 9 56 81 49 92 65 33 27 86 38 20 66 5 31 23 43 45 83 72 94 48 85 4 10 96 40 60 80 95 44 62 97 82 53 54 7 99 77 37 30 39 87 73 74 3 57 90 70 17 42 47 58 51 13 28 78 61 98 29 14 25 52 91 18 64 71 24 75 15 55 12 50 63 6 35 79 84 36 41 11 46
1006 96 12 37 50 98 43 22 25 82 75 73 79 74 84 81 58 83 31 67 53 5 29 76 45 44 64 19 78 89 28 90 13 4 14 52 80 86 59 23 33 17 97 65 71 60 16 70 100 40 72 68 95 54 32 55 56 41 34 85 99 93 26 2 61 27 30 87 49 15 51 69 62 36 6 11 66 92 48 35 9 21 47 63 24 20 18 77 7 57 3 91 42 88 10 8 38 94 46 39 1
1002 77 32 79 4 97 17 76 15 38 33 30 80 56 88 92 62 84 83 5 55 78 22 74 2 72 16 20 99 28 70 65 25 18 14 13 36 69 66 63 68 21 9 100 37 11 1 48 89 44 96 75 82 10 43 61 24 7 50 98 51 93 42 47 59 31 71 85 27 90 49 23 29 41 67 19 45 12 6 64 3 94 53 73 52 40 95 58 8 39 86 57 34 81 60 26 54 35 91 46 87
1009 87 51 49 79 82 43 37 97 100 7 45 74 34 14 26 50 12 40 78 19 9 77 33 93 64 68 31 13 29 88 16 91 81 60 6 17 70 55 89 57 15 41 59 98 46 36 90 72 62 92 56 69 71 52 44 61 94 30 76 23 39 22 66 47 32 11 28 27 1 25 18 85 48 96 3 58 10 65 75 38 63 84 21 73 67 20 95 5 54 2 4 99 35 53 24 86 80 83 42 8
1000 15 95 29 17 53 32 54 25 90 21 3 51 79 55 70 47 77 52 5 72 26 93 63 66 61 44 94 18 69 65 58 35 41 75 31 67 73 22 83 76 92 98 38 48 60 86 37 36 30 88 28 46 27 4 11 91 59 62 34 80 20 9 42 99 56 82 19 96 97 16 57 33 100 8 23 68 87 6 81 64 10 49 74 2 71 1 85 78 14 12 89 24 43 40 45 84 7 39 13 50
1003 83 31 78 25 22 93 34 21 59 24 30 82 100 11 17 71 75 76 51 63 28 98 3 23 86 66 70 95 62 90 29 92 1 13 32 16 94 37 55 57 5 65 49 91 79 84 45 99 46 6 58 68 40 97 54 61 88 80 10 41 52 47 4 39 73 44 33 12 50 53 14 20 77 27 38 8 56 42 89 74 48 81 19 18 69 87 64 60 2 72 15 96 67 26 36 43 7 9 35 85
1010 21 20 28 61 11 44 68 3 87 27 54 84 42 96 38 26 2 71 59 41 24 52 63 77 86 88 66 51 14 89 62 47 94 81 99 33 98 60 29 39 17 78 30 70 34 65 56 53 43 37 55 22 1 50 7 91 76 73 69 5 49 82 35 16 64 31 92 83 23 12 90 8 100 75 25 46 57 48 80 67 32 15 74 79 13 97 6 72 40 85 93 4 10 58 19 95 18 45 36 9
1007 9 65 87 30 8 98 17 63 85 74 75 1 47 31 91 18 42 72 41 10 97 51 43 95 44 13 26 70 59 24 90 25 4 58 92 5 89 83 93 53 38 28 73 62 29 82 55 69 33 100 22 2 86 27 76 67 20 3 84 88 39 46 50 52 78 99 16 45 96 36 14 77 68 80 12 6 79 64 7 71 49 37 34 48 40 94 66 35 54 19 32 15 61 57 60 81 23 11 56 21
1004 2 44 25 72 84 90 39 79 99 3 64 77 20 47 17 18 73 94 50 35 1 70 100 38 98 95 87 97 61 58 51 54 16 11 36 49 92 34 81 37 22 62 15 80 91 30 52 57 6 40 12 41 4 10 42 33 63 19 78 67 74 66 8 93 46 27 83 82 76 24 5 26 45 68 48 56 88 65 29 13 21 14 55 28 86 60 43 53 32 69 75 7 31 23 71 89 59 96 85 9
1003 13 53 84 12 93 37 82 35 54 11 14 79 97 85 50 15 87 63 89 58 65 27 99 4 90 36 77 56 33 51 7 43 32 42 67 18 28 8 81 83 5 57 80 88 38 1 98 78 25 72 40 22 55 61 91 73 75 64 92 20 62 68 2 9 19 52 100 60 10 29 69 47 3 94 86 44 70 45 76 21 30 23 24 66 39 96 71 41 26 16 74 34 95 17 59 46 6 49 31 48
1004 87 20 82 89 67 73 53 6 65 95 18 68 77 24 62 63 12 14 98 59 48 5 100 22 50 34 55 37 8 79 64 91 44 94 25 56 51 38 11 78 86 35 31 52 49 46 15 3 47 43 7 27 92 90 39 17 93 41 30 33 4 29 74 60 70 96 80 75 81 83 32 88 97 72 84 76 19 1 85 28 16 36 71 42 45 13 9 40 58 10 26 69 61 99 2 54 57 21 66 23
1009 46 50 17 47 10 55 92 21 8 75 60 88 78 49 83 98 19 53 64 96 14 76 94 86 90 33 95 45 87 34 29 2 84 27 69 5 68 82 38 54 9 41 35 37 99 32 11 62 23 71 18 59 51 61 25 12 80 97 58 30 63 81 15 65 100 40 24 48 3 4 44 67 70 16 56 39 1 89 66 73 57 91 26 77 42 13 79 20 85 72 22 52 7 28 36 74 93 31 43 6
1007 3 25 28 59 85 82 22 44 47 19 38 10 92 91 73 24 2 31 61 33 97 63 66 15 62 89 51 74 13 81 49 67 53 21 57 1 52 4 99 80 71 54 58 8 64 78 46 23 17 69 79 14 9 11 12 26 29 6 93 94 35 60 5 76 84 95 75 96 18 77 40 41 87 90 98 45 72 83 37 88 34 55 20 43 32 39 70 16 36 27 100 42 30 65 56 7 48 86 68 50
1003 84 87 6 42 25 16 12 48 20 77 10 18 92 60 85 66 49 80 62 65 17 63 35 2 30 7 15 59 50 29 86 32 36 52 1 98 53 34 40 94 37 91 33 71 76 88 78 83 58 28 70 13 97 82 61 69 67 57 96 21 14 90 8 11 79 56 73 51 89 75 64 27 9 31 26 41 3 54 23 55 43 46 24 68 39 74 81 45 19 5 100 38 72 95 4 93 44 47 99 22
1001 17 21 63 85 24 25 65 47 82 29 90 77 72 38 37 45 5 6 34 20 51 88 81 14 58 9 32 43 11 100 39 4 93 33 30 49 13 80 55 76 57 7 78 54 99 83 16 69 79 56 84 66 73 44 62 86 64 46 53 28 31 26 50 22 23 87 2 48 59 35 89 10 75 40 15 61 18 92 19 36 42 70 3 97 96 74 60 41 8 71 1 68 52 95 98 67 12 91 94 27
1000 29 25 30 74 49 44 35 12 97 32 84 77 20 73 19 10 79 76 48 54 42 22 6 55 89 33 13 75 26 28 82 7 57 38 83 41 15 59 1 9 94 18 50 21 27 60 45 88 34 63 4 58 5 81 68 69 31 66 100 61 16 3 96 70 11 53 56 40 2 64 36 67 39 46 87 92 47 14 37 93 90 91 8 78 98 85 24 62 65 43 23 95 99 86 80 52 17 71 51 72
1002 83 37 12 78 7 23 72 56 11 45 42 27 2 85 99 20 81 41 67 34 28 16 94 50 54 84 4 35 58 33 70 89 10 32 1 8 40 68 15 87 5 49 65 46 63 86 47 14 18 38 53 22 26 39 52 79 61 98 92 55 95 73 36 3 96 76 71 24 80 21 59 82 6 90 29 43 66 88 77 19 69 48 93 44 57 97 91 62 60 75 17 64 25 30 9 13 74 51 31 100
1000 25 95 18 83 4 94 34 97 26 74 80 93 75 92 49 11 43 41 82 69 30 100 70 73 38 40 81 62 21 88 53 10 3 42 45 17 47 64 50 31 51 60 96 19 54 48 66 15 52 71 28 59 61 22 63 9 91 44 72 7 20 6 29 8 37 89 35 57 65 33 58 46 24 23 67 12 13 39 14 90 55 5 32 56 85 99 84 1 87 98 79 27 78 16 68 86 2 36 77 76
1006 15 61 43 67 32 88 70 9 77 7 64 31 96 12 22 40 79 94 80 34 98 50 48 6 36 78 62 44 99 21 65 24 73 74 55 100 57 46 84 28 85 66 37 58 49 47 71 10 2 60 14 68 83 11 72 90 25 51 63 35 19 69 30 18 59 97 89 93 42 52 92 76 29 26 20 1 13 75 91 41 33 4 81 23 87 45 56 8 5 82 3 86 16 38 53 54 39 27 17 95
1003 58 28 49 36 76 81 72 59 3 85 80 41 9 90 48 84 15 63 67 30 21 38 66 74 32 65 96 64 7 93 87 5 73 39 29 1 34 24 4 33 92 17 51 69 95 77 57 37 18 91 78 82 56 11 47 46 86 97 2 54 83 16 68 61 62 53 31 52 26 35 12 43 10 100 6 23 60 88 25 8 20 94 44 19 45 13 75 27 70 98 42 71 79 22 99 14 50 55 89 40
1006 93 3 31 46 53 27 39 8 11 99 68 28 16 80 34 65 64 66 77 18 24 89 15 76 30 90 1 19 70 92 98 21 78 59 62 36 7 91 14 33 10 43 95 22 49 79 42 97 26 85 55 48 50 84 2 32 29 47 54 52 69 25 74 88 4 71 83 5 58 17 51 81 44 94 40 57 35 86 60 12 56 75 100 73 38 6 37 96 63 82 67 87 45 61 72 23 41 20 13 9
1000 6 18 89 71 100 40 98 30 64 76 9 61 11 92 21 2 50 65 79 91 82 25 27 67 24 73 68 90 14 39 81 96 94 12 15 70 66 28 58 13 85 55 80 97 63 4 32 57 99 93 20 78 45 77 62 88 46 29 48 83 86 23 33 34 54 74 69 35 10 42 59 84 72 43 36 31 19 49 52 51 26 87 16 75 38 47 7 60 1 53 44 5 37 56 8 22 3 41 95 17
1003 81 34 78 96 50 69 66 26 16 72 25 60 52 14 98 56 44 1 95 33 32 73 51 99 29 82 31 63 8 90 41 67 23 7 84 37 83 6 58 49 20 74 43 30 4 91 65 24 61 68 76 62 40 38 53 2 10 11 94 13 89 88 59 85 18 21 46 57 93 22 3 48 12 100 35 28 27 80 19 17 36 55 39 86 54 77 75 5 45 47 79 9 64 97 92 70 87 42 71 15
1002 39 45 51 62 15 91 86 37 73 80 79 74 30 94 10 42 6 93 26 100 24 78 87 50 56 17 83 41 27 23 89 31 44 20 35 75 70 64 28 85 29 11 14 88 12 25 63 52 8 59 43 38 21 76 98 66 61 71 69 58 99 7 55 60 77 49 3 40 16 33 5 57 13 54 67 22 32 36 68 2 92 9 97 81 18 4 96 34 48 19 84 46 53 1 90 65 47 72 95 82
1000 11 36 82 100 7 90 46 97 23 55 68 20 78 47 30 92 37 34 75 27 66 86 76 32 44 58 42 41 57 40 95 52 49 61 74 99 25 4 91 65 77 15 51 69 45 19 14 6 9 83 31 98 60 13 43 72 12 54 38 5 94 70 22 71 63 28 59 67 10 39 84 24 87 35 64 8 79 29 3 53 89 93 50 18 62 80 16 88 21 81 26 48 1 96 17 73 2 56 33 85
1002 97 48 65 89 17 6 5 98 33 39 62 25 77 30 96 82 41 51 100 18 73 14 92 59 23 10 34 24 57 55 27 60 40 61 13 75 52 16 31 90 8 91 80 83 15 86 47 35 95 84 12 79 42 64 63 9 78 85 70 99 49 54 38 11 74 46 58 69 26 4 7 19 76 71 50 45 53 44 56 20 81 21 68 43 22 1 72 88 66 29 37 28 3 93 36 87 2 32 67 94
1009 56 29 10 27 26 5 8 40 15 55 94 82 19 97 42 98 65 9 64 46 25 68 4 96 37 18 2 35 62 81 93 34 14 44 45 28 52 75 12 95 49 17 23 32 73 30 24 11 76 61 91 50 88 86 72 79 22 67 47 92 6 85 71 1 78 77 53 16 21 41 7 63 66 74 38 20 70 58 57 80 13 33 31 43 90 83 51 54 84 60 59 89 99 48 87 69 39 100 36 3
1010 99 15 66 74 59 55 11 54 12 68 18 90 60 53 38 45 27 89 3 65 25 91 32 84 69 79 72 51 35 70 75 95 49 39 76 24 62 61 13 87 78 73 50 14 100 42 82 64 4 20 56 85 21 33 48 88 80 92 77 5 96 29 71 57 34 28 31 94 37 81 83 9 22 8 97 23 2 36 41 7 26 98 6 1 19 30 47 67 10 16 46 40 52 58 44 93 63 17 43 86
1000 49 40 15 55 57 28 69 66 61 52 75 5 64 89 13 22 70 90 98 6 92 79 21 62 35 46 1 81 85 9 82 45 58 29 100 8 71 59 76 80 54 53 78 74 95 72 33 31 63 47 50 48 88 38 91 20 24 86 30 14 51 99 18 87 17 42 67 12 7 94 34 23 11 2 36 65 77 84 27 93 60 3 16 41 43 19 73 83 10 26 39 96 37 32 4 44 68 56 97 25
1005 39 69 83 37 96 63 26 84 44 3 38 54 45 15 70 8 87 92 79 61 76 6 40 62 14 43 30 27 10 58 9 32 50 74 78 89 4 99 7 81 71 2 66 67 64 21 97 68 22 85 34 31 77 29 73 100 23 98 33 49 41 20 13 75 5 95 42 57 72 82 51 80 91 65 55 60 36 48 46 1 24 94 90 12 16 25 17 11 86 35 19 52 18 88 47 56 28 53 93 59
1006 56 58 27 66 50 77 69 39 32 35 88 25 7 51 26 96 99 6 81 4 63 71 67 93 42 49 73 29 89 87 41 12 5 22 60 86 52 68 70 79 53 44 78 61 95 9 94 8 83 14 47 2 84 28 23 31 98 18 65 40 74 46 36 21 64 19 97 45 10 33 62 11 90 72 43 30 80 37 1 100 85 34 24 13 82 57 59 55 20 38 75 91 17 16 48 15 54 76 3 92
1005 42 80 91 100 13 77 95 23 26 50 31 33 52 85 55 46 16 5 10 70 83 66 56 19 21 3 78 75 25 24 57 96 43 73 34 6 74 68 7 94 14 92 12 65 17 38 28 39 4 61 41 37 81 29 62 36 76 44 27 88 89 63 60 84 82 51 86 99 2 69 49 8 93 90 20 30 79 45 53 54 97 15 64 87 40 32 11 48 67 47 98 71 58 18 59 1 72 22 35 9
1002 71 4 68 18 99 11 39 62 22 49 9 16 83 48 15 58 88 75 70 63 42 6 25 87 84 23 8 96 29 61 17 100 55 98 73 89 12 72 3 57 35 1 93 85 64 32 19 76 66 81 67 74 40 45 50 2 44 20 26 79 28 43 65 46 78 92 91 10 95 21 30 60 97 94 59 38 5 80 34 54 33 52 13 90 41 82 86 14 7 69 37 51 47 56 24 27 53 31 36 77
1005 17 45 73 38 93 52 20 18 4 39 30 51 43 98 47 72 5 37 56 7 46 75 48 27 68 33 35 63 77 96 29 59 53 31 86 95 89 88 14 87 41 91 15 34 22 50 11 71 25 32 81 94 9 78 1 3 6 36 54 65 83 13 58 67 62 74 79 85 21 76 100 64 69 28 57 16 40 99 8 26 12 19 80 10 82 44 97 2 84 49 66 24 42 90 23 60 70 55 61 92
1001 71 45 81 25 54 27 98 79 65 30 52 33 93 16 91 19 66 22 57 39 69 48 28 47 72 100 90 95 80 32 21 51 78 34 1 11 18 9 49 31 14 5 85 96 55 62 84 50 92 42 77 24 58 46 15 87 64 26 60 8 44 75 20 37 3 17 41 13 53 10 56 59 23 73 29 67 83 43 35 89 38 4 97 36 88 68 99 63 86 70 82 12 2 7 61 74 76 40 6 94
1004 24 79 84 73 32 74 44 85 83 94 71 41 64 35 26 18 98 86 12 93 28 15 56 33 50 23 65 60 61 9 70 100 34 53 91 8 25 17 7 30 39 78 37 46 95 49 57 10 45 48 42 97 40 4 38 59 99 14 96 11 88 43 3 82 75 72 67 31 80 2 5 92 1 52 6 13 54 58 29 36 63 47 69 87 66 89 20 21 51 27 90 76 77 81 16 55 62 68 22 19
1002 61 44 84 81 62 64 71 59 79 6 17 76 50 98 87 26 93 9 56 20 23 34 27 3 32 74 11 31 100 4 97 38 78 16 2 30 92 12 63 46 47 8 52 96 55 77 57 53 58 67 37 19 42 94 91 10 28 39 65 29 75 90 21 85 1 13 89 14 25 88 69 18 15 73 86 22 40 70 60 24 80 66 41 43 99 48 7 45 82 95 83 35 33 36 51 54 72 5 68 49
1003 73 22 6 66 67 86 85 35 19 77 72 100 28 29 31 71 3 89 42 40 80 33 98 46 68 41 37 23 43 30 47 84 49 87 64 55 24 18 12 76 39 82 5 44 58 60 88 91 54 74 36 11 27 93 10 75 81 34 61 78 20 51 2 38 56 14 21 8 1 7 17 59 32 16 4 99 50 45 69 57 15 52 53 63 62 9 92 79 83 65 70 48 26 97 94 25 96 90 13 95
1006 80 75 28 17 70 84 58 85 96 40 55 59 51 16 91 73 29 33 99 65 36 44 79 69 67 23 6 45 26 8 38 93 87 39 78 72 68 66 82 56 90 54 64 95 43 5 35 83 31 25 74 37 22 63 19 12 18 60 88 46 71 92 62 42 2 57 7 9 98 94 30 10 32 21 77 86 47 41 4 15 1 20 50 34 89 97 81 49 52 3 61 14 11 76 100 13 27 53 24 48
1001 27 36 92 43 28 86 91 49 61 65 26 46 53 88 33 17 12 80 56 3 89 45 82 71 40 42 44 30 39 37 62 93 57 58 54 72 41 5 59 48 60 99 50 68 94 77 85 96 74 8 34 87 75 21 7 97 20 1 16 29 47 51 23 69 95 73 81 84 63 2 83 19 100 76 15 52 35 64 11 32 22 4 18 24 55 79 31 38 13 98 14 90 25 10 78 6 67 70 9 66
1007 59 15 48 27 50 96 41 62 81 93 43 22 60 13 31 19 39 17 44 58 70 49 80 56 73 79 14 11 37 12 75 55 100 30 45 8 38 28 92 77 2 29 83 68 86 89 10 18 63 23 25 7 74 94 34 82 97 78 67 90 64 85 91 87 6 99 66 47 53 69 24 95 57 3 65 5 54 71 36 42 1 26 9 61 76 20 46 4 84 88 32 40 98 35 16 33 51 52 72 21
1006 27 29 16 24 32 6 41 100 11 50 14 9 80 31 60 33 34 76 67 68 10 45 39 82 46 5 88 28 8 20 38 91 90 66 89 59 93 73 65 70 35 74 71 12 43 72 96 56 79 92 51 94 95 30 7 49 57 97 42 61 54 25 22 69 63 48 81 83 21 98 62 4 40 53 2 13 64 3 36 99 86 52 85 84 26 44 78 58 87 17 47 23 75 18 37 1 19 55 77 15
1010 26 31 98 85 70 4 67 50 68 39 74 65 42 69 75 64 16 58 47 94 29 83 28 25 46 99 35 34 2 13 79 36 84 80 59 27 1 57 20 51 87 37 91 17 6 21 77 97 7 44 11 76 48 63 33 100 90 55 24 18 92 54 61 60 96 53 93 19 14 12 40 95 43 8 30 9 88 22 81 15 41 86 5 52 45 62 32 78 23 66 56 3 73 38 71 49 89 10 72 82
1005 69 90 93 19 62 18 6 71 87 78 43 34 9 64 76 55 51 14 70 50 38 24 12 92 60 73 98 25 65 5 32 49 84 23 15 54 11 37 31 42 67 13 53 8 94 52 22 83 86 2 33 27 1 95 89 47 45 96 97 66 74 58 7 75 81 10 21 56 3 4 46 35 57 80 29 16 30 72 77 61 100 63 48 85 17 99 59 28 88 20 44 26 39 79 36 41 68 82 91 40
1007 5 31 95 2 56 44 4 83 9 23 75 22 64 7 87 73 34 57 30 37 32 15 12 67 62 60 88 49 26 19 28 74 93 85 81 18 96 25 71 38 35 46 14 82 10 3 33 59 50 55 53 66 39 72 16 11 42 1 40 43 79 94 65 41 100 78 97 58 86 17 24 69 20 77 99 27 92 68 36 48 98 80 21 76 63 13 51 52 70 91 47 6 90 89 84 45 8 54 29 61
1007 89 85 42 24 75 2 31 76 20 65 54 87 83 62 91 4 88 84 46 18 41 68 82 16 48 59 21 77 1 64 38 70 3 73 28 11 10 34 27 69 15 36 86 43 55 14 74 57 5 100 97 26 52 99 53 32 23 39 12 80 44 98 93 33 17 29 47 13 78 7 60 63 25 40 9 72 56 92 50 96 79 49 45 19 95 94 51 66 71 58 8 37 90 61 67 22 6 81 30 35
1010 99 55 91 95 61 54 63 39 42 96 68 98 24 6 97 72 70 37 1 66 64 85 12 58 56 32 80 90 4 7 46 67 30 100 76 79 78 60 51 52 29 33 81 17 35 20 15 49 50 89 9 2 83 26 11 57 59 18 41 87 3 8 45 10 92 19 5 31 27 16 93 47 71 23 75 28 86 44 38 43 36 21 65 69 88 22 62 77 84 13 82 40 94 25 34 48 53 74 14 73
1002 52 64 75 42 86 32 39 17 92 60 95 35 7 10 72 37 76 14 18 56 1 22 81 50 23 46 73 12 77 68 15 78 63 55 96 38 4 97 25 24 70 61 44 67 47 82 28 85 93 57 84 33 74 40 43 53 8 79 51 2 87 3 36 98 45 27 91 89 71 41 34 83 54 66 48 20 90 21 100 99 80 69 5 26 58 59 9 62 16 49 13 11 6 88 31 94 30 19 65 29
1004 85 70 25 98 95 9 71 68 42 97 62 37 13 100 48 80 43 96 57 46 31 35 99 76 72 10 66 1 84 74 28 6 64 30 61 45 2 15 36 56 55 87 11 33 34 4 78 51 38 60 12 26 17 58 67 19 83 8 69 29 3 59 91 41 7 65 14 47 82 20 16 32 63 27 79 50 44 94 53 18 23 92 93 77 52 39 90 5 73 89 86 40 81 22 54 21 24 75 88 49
1001 24 20 57 51 41 66 47 100 15 92 23 32 36 76 58 46 56 48 3 26 94 1 83 52 44 39 73 43 80 4 97 62 61 65 95 89 86 35 87 13 85 16 17 40 72 81 37 79 90 34 68 14 88 42 75 59 50 28 31 78 8 60 18 69 49 19 45 30 55 99 21 9 74 71 53 22 2 11 70 91 64 12 27 84 63 7 33 96 6 29 38 25 54 67 82 98 10 93 77 5
1008 75 22 99 53 57 32 79 48 88 96 12 98 92 76 40 14 24 17 36 8 89 6 46 25 20 64 78 100 73 60 1 52 68 35 84 51 21 29 74 61 44 5 94 56 55 90 87 93 50 81 7 26 95 86 72 31 37 58 77 2 11 71 63 33 69 97 62 42 15 47 16 39 85 13 49 59 3 70 43 67 82 4 54 66 80 45 19 27 91 83 23 41 10 9 34 65 18 38 28 30
1004 75 89 69 29 60 45 50 71 87 99 30 97 44 83 98 100 56 82 76 46 34 84 79 26 66 4 24 9 32 48 93 70 18 10 13 1 41 23 8 68 62 90 92 54 96 14 11 31 72 20 17 2 55 67 61 78 16 3 40 36 73 49 42 28 19 33 53 35 39 85 64 95 38 37 51 27 12 80 52 88 94 74 6 59 77 86 5 21 65 81 57 63 43 91 7 58 25 15 47 22
1010 72 46 4 83 88 80 15 91 90 96 45 12 61 26 37 17 60 51 85 67 35 18 1 5 58 10 59 27 31 3 24 6 97 19 22 52 84 34 33 99 68 39 36 29 74 42 89 81 8 75 65 28 79 86 76 87 94 57 54 69 14 82 63 95 93 100 56 78 20 16 71 11 47 7 49 77 32 41 25 70 21 2 50 73 9 62 30 55 66 53 48 64 92 40 44 13 38 23 98 43
1006 44 76 36 43 98 10 40 95 34 84 93 48 42 55 74 71 23 91 56 85 53 32 94 49 64 51 28 11 45 2 62 69 5 99 90 27 15 89 67 37 52 24 68 78 72 63 97 6 3 54 25 57 88 96 20 14 12 100 47 83 87 18 61 38 60 73 81 26 80 17 16 75 39 66 13 50 31 30 19 7 35 22 4 86 79 41 46 29 70 21 77 82 65 59 92 9 58 33 1 8
1005 93 18 38 89 70 23 26 20 11 72 90 64 61 67 99 62 56 29 94 1 78 45 81 48 4 63 9 15 91 95 60 57 30 73 65 22 58 75 5 17 10 83 36 39 97 33 7 2 87 88 19 82 84 51 71 8 14 53 66 37 34 85 16 32 69 98 3 74 31 76 47 54 13 79 42 77 50 6 44 49 96 43 35 41 86 80 25 55 27 100 52 68 59 40 12 46 24 92 28 21
1008 68 84 89 13 29 80 7 25 79 5 27 20 97 45 44 65 58 78 10 75 48 67 70 57 42 90 52 19 64 40 22 61 41 2 43 100 83 73 81 85 86 30 77 24 4 47 53 91 56 36 66 63 9 62 6 72 11 93 87 31 39 96 76 50 59 71 54 3 18 74 37 46 26 69 23 14 95 49 38 1 33 55 28 15 21 16 12 34 32 60 51 99 17 8 82 88 94 98 92 35
1004 94 82 79 13 85 18 32 71 23 11 40 41 92 39 15 36 55 78 61 68 87 7 22 88 53 43 62 74 1 19 26 12 37 31 48 67 58 21 65 38 6 56 29 59 49 30 33 45 4 80 47 14 2 98 52 77 84 27 5 76 3 91 60 66 83 93 97 51 89 54 42 24 44 25 81 8 99 64 69 28 20 35 95 34 75 73 50 96 10 16 63 86 17 100 46 70 9 57 72 90
1009 13 43 2 40 80 12 54 6 86 63 77 55 72 35 74 50 38 90 69 52 76 59 39 34 24 96 14 20 87 64 67 7 15 47 94 22 73 48 46 19 32 92 62 4 65 8 57 98 23 27 45 85 28 61 84 17 58 1 79 91 25 11 44 81 5 83 97 70 78 31 49 18 99 82 29 66 36 30 60 37 95 10 42 53 9 41 3 21 16 51 89 75 56 26 71 100 33 68 88 93
