100 100
1008 99 82 69 92 35 12 43 51 97 79 37 90 52 7 8 71 33 98 67 26 66 96 20 4 23 25 56 14 94 87 18 62 54 77 40 80 81 100 50 75 3 2 86 93 34 53 91 60 9 27 70 44 19 32 11 46 65 41 24 29 30 6 78 63 22 57 45 58 48 28 1 5 95 76 61 17 13 83 47 39 21 85 73 10 64 88 15 55 84 68 38 16 42 89 31 72 74 36 59 49
1001 12 88 5 52 44 98 75 86 90 24 51 14 59 31 46 95 23 34 6 45 73 27 79 70 22 11 18 33 74 61 7 82 17 15 28 39 96 9 42 38 81 47 91 80 56 53 100 92 32 43 54 49 85 72 68 64 30 29 60 58 48 13 69 16 2 63 20 77 50 67 99 19 37 8 78 94 57 76 36 55 93 10 62 3 87 65 25 97 66 83 4 71 21 89 41 1 40 35 84 26
1003 81 45 60 46 59 26 51 39 18 62 6 41 77 12 32 7 34 57 66 11 76 47 30 67 28 10 88 8 16 48 85 75 96 27 79 55 4 73 1 65 91 61 95 87 9 38 5 83 97 14 68 71 36 40 13 82 69 93 29 70 2 19 89 52 50 25 42 78 63 20 80 100 98 56 74 58 49 15 54 33 22 23 21 86 53 90 99 92 24 43 84 44 94 72 3 64 17 35 37 31
1000 61 59 6 48 21 14 49 88 39 51 85 37 52 90 27 95 93 83 32 11 53 68 23 50 77 82 45 24 80 20 70 46 66 12 47 64 60 5 71 75 10 100 79 40 17 76 8 22 84 65 97 25 96 36 81 28 15 73 1 2 35 87 94 19 16 57 9 29 7 44 72 62 98 54 4 38 58 3 86 63 18 99 74 42 55 34 91 33 56 78 41 31 92 69 13 30 26 43 67 89
1004 8 32 98 61 63 22 35 72 9 2 30 50 67 29 80 65 74 95 37 4 76 84 66 53 78 41 69 16 75 58 18 68 31 10 21 71 88 42 54 60 47 82 64 11 24 43 87 59 100 3 34 99 81 1 20 86 33 26 85 79 89 94 90 36 83 55 96 97 27 70 7 92 44 28 6 19 39 46 5 17 45 14 40 56 15 13 23 93 48 77 38 51 49 73 12 57 52 62 25 91
1002 54 77 48 74 85 65 22 80 25 97 16 88 23 64 7 34 32 29 43 28 86 100 59 55 46 10 81 73 61 91 37 82 52 2 35 89 15 1 3 99 39 38 76 63 83 6 92 56 57 27 4 45 49 41 18 26 71 11 70 20 14 68 12 24 9 60 75 84 17 94 53 19 98 21 50 13 33 47 66 36 51 31 96 42 72 69 93 62 67 40 95 8 78 5 30 58 79 87 90 44
1009 2 14 100 85 73 69 23 71 72 86 75 65 80 28 22 20 12 49 24 5 6 81 19 37 29 59 67 92 76 61 66 51 88 64 44 54 16 97 1 4 11 70 7 33 89 48 25 99 18 34 46 74 95 41 15 39 8 21 84 77 91 98 50 96 31 52 45 56 57 63 26 27 36 42 13 32 83 53 40 55 38 58 87 90 62 9 47 43 17 68 82 78 10 60 94 30 35 79 93 3
1009 55 70 73 63 87 74 96 23 41 86 94 42 43 81 47 28 44 95 80 98 97 4 14 37 26 59 78 6 66 65 57 40 62 35 91 17 64 5 18 10 25 21 20 89 39 50 68 7 46 77 69 33 45 2 13 31 11 61 27 93 53 84 29 56 83 99 60 75 9 3 58 51 8 100 22 85 38 72 90 1 34 79 54 19 12 49 76 92 36 16 67 52 88 30 82 32 48 71 15 24
1006 52 66 51 15 8 58 48 9 61 7 32 70 10 62 96 30 86 46 77 54 1 97 67 45 60 40 56 11 14 2 79 88 64 92 47 13 69 12 100 99 65 16 36 84 93 4 44 43 98 26 78 39 80 38 29 6 53 83 25 74 19 31 21 75 73 50 71 87 37 28 42 94 24 34 3 90 5 18 68 33 72 55 95 27 17 22 57 35 20 82 85 89 23 63 91 41 76 59 49 81
1000 2 64 100 84 56 40 13 53 44 16 49 81 22 98 52 93 1 51 32 4 35 6 54 15 79 94 83 19 41 80 42 28 91 90 58 30 61 45 55 27 37 5 97 73 71 59 50 60 96 68 26 74 43 88 46 38 72 47 29 99 85 36 25 18 48 7 9 82 14 95 11 62 89 76 87 78 70 66 24 65 20 63 3 31 12 8 57 33 23 21 75 17 69 67 92 10 77 34 39 86
1006 19 34 91 27 5 63 30 69 96 90 83 13 33 99 47 70 72 39 74 43 68 8 32 66 44 31 15 53 12 35 42 36 22 37 11 60 93 28 45 86 51 38 62 25 65 24 55 59 49 16 61 29 98 71 20 94 78 85 18 79 82 46 41 1 3 50 23 4 21 80 89 6 48 77 100 9 56 26 52 2 75 14 84 88 64 92 73 97 95 58 76 81 57 40 67 54 7 87 10 17
1005 91 94 79 68 40 82 13 100 90 66 98 3 32 86 39 10 46 18 99 26 36 63 60 41 64 19 54 1 48 65 4 45 88 51 57 74 50 92 59 8 34 2 95 11 96 25 42 35 28 9 6 53 61 22 77 21 87 16 33 85 69 29 71 80 14 43 31 84 58 89 49 93 67 76 52 81 37 83 17 70 24 75 55 5 73 20 56 72 47 62 15 97 27 44 78 12 7 30 23 38
1001 94 37 80 17 30 10 45 78 59 54 1 2 40 46 27 68 32 70 44 50 24 42 98 33 96 60 57 23 71 39 67 47 31 66 91 82 74 76 93 28 6 92 35 89 69 63 43 49 52 36 100 16 18 88 13 20 95 21 48 62 79 90 61 15 77 86 12 87 55 34 97 14 51 7 75 4 5 19 85 56 11 99 58 26 25 3 83 84 9 8 22 41 38 72 29 73 64 81 65 53
1006 3 52 31 11 91 25 67 84 85 83 76 93 69 75 51 20 87 29 30 92 74 5 23 38 71 50 32 22 34 8 4 64 39 41 36 65 44 73 62 99 28 70 72 90 46 26 86 58 81 96 94 12 42 54 55 80 56 15 59 63 68 43 57 24 19 33 89 17 78 40 27 9 95 18 14 48 100 77 53 45 82 35 49 47 1 10 98 2 60 66 97 16 13 6 88 37 7 61 79 21
1010 11 76 47 40 66 6 27 54 34 37 87 29 74 65 59 58 36 49 39 86 50 95 64 25 9 45 19 91 96 46 43 60 26 48 69 99 20 32 67 80 55 23 62 42 44 73 21 83 12 79 8 3 90 94 93 41 10 75 17 82 89 31 84 13 61 35 97 68 53 85 88 30 28 1 57 100 5 77 81 52 38 24 92 14 51 22 15 63 98 2 18 78 71 70 16 33 4 56 7 72
1002 66 62 26 84 2 25 16 21 89 87 13 35 18 3 6 91 77 80 38 27 15 65 23 54 55 45 75 42 63 90 37 78 81 57 88 61 29 59 11 5 30 1 95 39 72 41 76 92 10 82 70 47 17 96 53 8 100 83 56 32 46 34 33 31 98 73 69 4 68 71 51 97 94 85 28 52 58 9 19 64 43 24 67 60 50 40 74 12 14 22 79 20 49 44 36 48 7 99 93 86
1005 70 64 19 40 22 75 32 1 29 62 61 72 97 76 8 88 86 36 45 49 52 74 13 94 16 21 80 90 48 99 24 6 73 11 3 30 47 79 35 18 56 53 39 63 57 83 27 91 46 44 50 2 95 60 71 37 87 85 14 58 81 9 41 65 17 33 96 89 15 66 100 84 55 31 68 23 93 54 82 51 69 10 98 34 92 28 42 43 26 78 5 59 25 67 7 77 38 4 12 20
1010 51 45 74 84 76 43 71 70 16 23 1 97 11 83 57 93 10 58 18 44 82 47 81 22 41 32 66 42 19 56 73 21 38 69 24 14 62 35 79 8 15 95 40 75 37 5 7 89 77 29 72 94 59 6 91 65 28 64 68 26 100 34 13 50 2 63 12 36 17 46 20 3 48 4 88 87 85 61 80 92 55 27 9 39 60 67 78 54 99 53 49 98 96 86 25 33 90 31 52 30
1009 44 90 47 16 75 36 94 63 17 34 61 1 82 91 11 78 32 56 22 73 98 96 99 76 2 54 35 92 45 8 39 51 12 60 25 97 95 15 89 66 62 58 67 87 23 33 57 4 52 71 81 40 10 27 85 19 24 70 59 49 69 13 28 72 38 64 80 79 26 31 88 30 5 18 83 55 7 29 37 3 65 46 14 53 84 48 86 43 68 41 50 9 42 74 6 93 20 100 21 77
1009 55 76 65 10 31 35 78 45 42 17 93 99 49 77 98 54 2 62 41 83 5 67 97 71 18 72 96 66 27 81 21 82 51 48 46 75 89 14 56 3 68 24 25 74 13 16 80 19 1 79 73 22 64 7 29 39 60 87 88 20 37 28 30 8 50 57 33 12 100 38 32 85 53 59 86 95 34 15 43 6 92 63 44 11 90 9 4 91 84 69 94 40 70 23 52 36 61 26 47 58
1009 84 6 7 88 92 65 37 32 21 60 82 29 80 38 74 43 64 63 96 78 70 11 20 47 15 77 72 5 94 23 26 44 95 30 67 2 33 48 54 59 9 42 28 53 12 52 46 81 75 49 34 85 19 40 99 55 62 31 17 1 98 71 57 90 39 22 76 16 13 61 83 58 14 73 66 68 24 10 69 87 4 93 27 50 51 41 36 86 25 8 97 91 79 35 100 18 3 45 56 89
1010 29 63 69 55 96 91 22 83 30 4 75 37 25 20 5 97 38 59 35 94 19 10 16 93 1 24 17 23 57 86 56 49 27 99 34 62 3 90 33 52 6 88 89 68 2 77 54 13 32 31 84 28 95 51 82 8 72 71 73 21 80 42 78 14 41 39 60 46 40 98 12 92 44 45 11 76 48 100 7 79 26 50 18 70 64 85 9 65 53 43 61 58 66 74 81 87 67 15 36 47
1007 18 46 79 3 58 54 19 75 53 12 27 38 6 95 29 68 37 60 44 4 45 2 35 93 74 84 9 56 28 65 14 98 25 31 5 100 36 94 17 87 71 11 62 61 82 86 77 96 72 20 80 63 1 69 26 73 49 50 78 64 16 24 34 70 23 30 22 90 97 57 15 76 88 40 59 85 89 91 8 32 52 41 55 66 39 33 51 21 67 13 48 83 92 99 7 81 42 10 43 47
1010 82 19 10 36 80 16 43 75 61 7 94 40 74 70 68 86 5 83 79 38 2 60 65 48 90 66 22 72 8 57 31 93 52 50 100 30 64 23 51 73 34 53 41 26 20 3 44 37 32 91 28 4 81 98 47 88 21 87 62 78 42 96 15 85 55 45 54 1 46 25 97 56 67 58 17 92 6 29 99 27 11 18 12 49 63 35 39 13 9 71 24 69 95 59 33 84 14 76 77 89
1007 50 90 96 88 57 37 16 69 86 56 41 7 2 59 80 18 44 84 48 35 61 3 40 75 22 81 49 67 38 95 79 83 100 24 26 11 1 94 39 51 9 30 68 82 62 55 91 4 99 58 76 97 34 12 6 13 8 78 31 23 19 89 98 47 43 10 15 32 85 5 42 93 27 72 14 36 28 77 60 92 74 17 64 63 45 29 53 20 25 65 73 21 66 54 52 46 33 87 71 70
1000 74 37 78 44 89 71 41 8 11 75 21 97 32 6 10 5 49 14 30 93 13 40 70 79 39 18 57 92 65 82 100 29 64 22 66 90 48 61 76 43 4 72 9 84 25 47 83 56 99 77 2 19 1 80 28 23 86 38 7 96 27 51 85 31 68 87 3 53 45 81 24 15 94 35 62 46 88 33 36 60 59 69 17 52 16 50 67 12 55 26 42 34 95 58 54 73 98 63 20 91
1000 85 56 98 83 25 52 36 30 46 80 68 62 65 66 48 55 90 1 88 6 99 75 13 74 42 37 92 64 19 7 31 50 71 29 44 9 21 20 58 76 39 86 16 54 67 91 8 5 87 96 57 40 43 53 10 32 84 51 81 24 70 22 23 34 82 26 77 72 15 33 45 79 17 27 93 95 61 4 38 78 12 73 59 49 63 28 2 14 35 47 94 89 97 60 18 3 69 41 100 11
1009 67 79 99 58 88 19 29 36 35 84 91 38 50 97 23 5 96 60 18 48 26 54 64 71 45 13 16 31 69 37 21 32 20 25 80 83 44 94 100 9 7 68 17 30 28 6 8 24 4 22 56 65 87 66 85 42 53 34 76 1 2 61 82 43 11 33 27 92 73 93 12 81 59 14 3 89 78 41 46 57 70 74 15 10 98 49 40 86 63 77 62 95 90 39 52 51 72 75 47 55
1000 45 77 21 70 84 20 67 28 57 22 87 82 8 69 29 68 6 4 63 47 23 44 31 92 49 58 16 60 93 1 52 56 32 50 38 7 96 17 24 83 18 88 72 62 55 48 85 14 59 25 94 99 90 3 27 42 5 41 97 9 74 11 40 51 13 76 100 91 33 19 34 39 80 71 53 81 12 2 79 95 65 43 64 35 46 89 86 15 26 54 61 37 75 30 10 78 36 66 98 73
1000 97 71 72 41 28 34 86 90 37 47 59 26 21 78 18 100 29 4 79 43 61 23 82 98 12 81 40 50 42 46 2 89 13 16 93 24 87 54 36 84 30 74 55 44 53 1 88 95 76 39 33 32 80 69 96 68 73 48 38 85 5 19 3 56 11 99 52 83 51 31 20 62 35 45 63 49 92 17 65 70 15 94 60 91 75 58 57 77 9 22 27 10 64 6 7 66 25 67 14 8
1005 63 68 76 50 64 12 26 92 74 22 7 32 94 65 91 82 15 45 59 98 87 46 41 69 61 21 62 19 1 33 80 54 85 34 37 36 81 39 52 71 83 70 11 67 96 84 4 24 95 77 18 75 31 5 86 79 88 72 14 97 9 17 47 56 16 35 30 60 51 53 40 48 23 25 3 55 44 42 58 8 6 89 10 43 78 2 38 100 90 66 49 28 73 27 13 29 93 20 99 57
1001 30 95 88 92 9 16 6 33 8 87 62 39 58 57 83 13 56 5 34 74 4 26 68 47 93 7 27 38 99 70 1 45 91 41 21 72 44 75 28 18 10 63 71 14 36 22 77 24 76 67 90 53 50 37 11 81 100 82 94 19 64 85 17 69 97 65 12 59 20 54 3 35 46 66 80 73 84 86 29 43 15 49 23 78 51 2 40 32 98 89 25 79 48 60 55 31 52 96 42 61
1001 86 48 35 55 83 96 70 53 68 62 66 32 16 12 9 42 72 97 61 74 24 44 93 37 52 54 58 31 23 22 30 94 1 11 100 15 33 47 50 57 28 69 17 80 99 27 73 82 4 8 89 38 7 63 67 91 18 34 85 14 39 36 10 65 75 79 6 20 51 87 26 92 81 64 90 45 5 95 19 71 29 25 3 78 41 21 98 46 13 43 49 77 59 56 60 76 88 84 2 40
1009 6 19 88 64 69 61 67 82 79 81 53 54 44 56 11 66 5 2 39 90 92 20 43 75 14 58 86 16 30 48 60 84 17 73 50 1 91 31 93 10 4 15 62 27 41 33 99 37 40 51 13 83 55 57 63 100 68 59 24 47 12 87 74 46 71 45 96 80 7 26 34 35 22 52 28 77 97 3 95 89 18 70 78 9 29 49 23 42 32 85 36 38 21 72 65 76 98 8 25 94
1008 70 14 27 44 84 47 22 7 75 34 73 4 74 77 59 69 91 79 5 1 37 24 19 86 40 78 95 16 2 30 42 99 33 82 83 26 41 60 58 8 45 39 36 23 55 93 85 52 15 64 87 49 51 13 9 54 10 97 50 66 12 57 63 92 90 29 43 80 71 20 32 48 72 11 62 68 96 17 81 65 28 94 88 53 3 46 76 56 18 61 6 89 21 38 98 31 35 100 25 67
1008 86 82 87 13 57 100 89 90 62 61 20 60 80 12 35 66 93 56 48 73 22 98 32 69 72 8 2 4 99 70 28 51 5 77 67 33 97 36 6 30 1 37 81 24 10 7 76 16 17 54 75 11 19 95 39 58 53 34 25 31 59 45 47 40 18 92 3 14 38 85 15 91 27 46 41 42 23 43 26 94 52 63 9 74 88 55 79 50 96 68 84 83 44 29 49 64 71 65 21 78
1006 71 81 100 48 60 85 50 76 7 61 65 33 93 97 66 37 36 3 62 77 15 91 74 53 84 14 75 89 88 28 86 87 42 99 45 80 35 96 6 27 5 8 49 21 98 94 59 73 13 23 90 10 12 9 58 92 1 67 18 31 11 19 16 56 52 57 68 46 55 34 38 83 22 26 44 43 47 30 24 25 51 20 64 2 4 17 70 63 39 32 29 72 95 40 69 41 79 78 54 82
1001 61 2 37 62 36 63 26 33 44 56 16 83 91 85 98 55 18 58 42 38 27 25 23 72 52 48 17 50 51 96 70 24 79 15 21 93 88 94 71 30 69 41 76 19 12 64 28 86 1 99 90 22 81 47 32 5 65 14 60 43 80 95 29 3 66 49 34 84 78 59 6 9 92 100 89 74 75 77 68 54 4 57 45 31 97 8 46 67 39 20 10 82 11 40 7 35 13 87 73 53
1008 15 31 95 92 5 6 28 16 65 70 17 14 19 88 64 82 42 78 4 26 76 100 9 48 74 77 37 24 89 12 53 83 43 86 75 61 22 49 38 33 35 91 25 47 93 23 41 20 81 97 27 52 98 62 7 63 79 44 10 8 94 73 39 59 57 66 2 46 84 30 80 56 55 58 99 50 60 32 54 68 87 21 96 18 1 36 85 13 3 90 51 34 11 45 40 72 67 69 71 29
1004 87 85 8 86 64 34 7 39 24 31 84 69 42 62 47 95 35 46 9 55 65 83 12 70 13 1 40 20 37 92 97 59 17 4 10 80 16 89 29 74 43 54 50 30 52 27 41 6 72 73 81 61 38 11 75 15 79 28 78 58 49 21 19 66 32 77 88 91 53 99 67 36 63 44 25 71 5 93 56 68 18 48 22 100 23 14 3 2 45 57 33 82 90 26 96 51 60 98 76 94
1006 97 63 64 80 15 45 56 67 96 99 91 77 86 84 42 79 37 1 21 28 16 3 24 52 73 11 92 93 100 69 57 7 88 75 18 32 9 43 2 30 14 78 70 6 38 71 49 29 98 31 22 17 27 51 90 76 47 94 20 60 95 48 72 65 33 36 25 54 26 83 85 44 40 87 50 35 39 82 12 46 59 19 5 68 13 53 58 10 89 23 66 4 8 74 34 81 41 55 61 62
1001 58 65 31 97 74 86 17 79 49 71 84 56 18 92 35 4 33 41 26 39 22 91 98 46 54 2 75 94 68 78 55 85 25 48 5 88 29 10 59 32 30 21 14 95 89 43 67 72 27 3 7 53 93 63 70 20 24 44 12 80 62 96 36 6 11 50 57 73 45 38 34 13 76 83 77 64 82 90 66 16 9 99 81 1 87 28 61 37 51 8 69 19 42 60 23 15 40 52 47 100
1010 60 19 40 48 77 22 53 15 12 34 36 54 16 46 84 87 62 98 4 14 99 79 51 33 2 29 49 63 88 81 47 9 42 52 75 96 24 38 86 85 11 94 27 76 43 6 69 73 25 93 67 50 82 31 65 41 91 100 26 44 61 59 5 20 45 95 89 80 78 23 35 72 56 1 21 57 83 18 71 39 90 32 58 28 70 92 68 74 3 17 10 97 7 66 64 8 37 30 13 55
1007 23 90 73 15 26 31 43 66 63 36 92 21 35 87 62 71 51 47 40 59 61 12 98 1 8 13 74 11 34 18 9 65 84 49 32 81 94 56 3 96 55 2 37 17 4 48 42 72 24 75 95 97 54 57 7 60 79 5 50 85 86 39 68 70 14 93 80 30 83 46 78 99 22 28 100 10 64 69 38 33 19 45 53 25 76 6 44 77 67 82 52 29 41 88 16 58 20 89 91 27
1004 95 6 53 14 3 82 31 81 87 29 34 42 33 20 96 89 63 2 35 74 62 75 80 38 8 25 90 71 57 37 5 93 47 48 85 27 50 12 67 73 58 99 9 79 83 43 78 26 60 94 70 66 64 88 22 84 21 97 24 92 76 69 46 28 11 52 32 18 30 10 23 68 36 86 40 55 61 49 59 98 15 91 72 100 4 56 16 13 65 1 51 44 7 39 17 45 41 19 77 54
1003 24 26 5 49 82 83 29 97 85 64 33 6 2 18 38 69 25 52 16 94 41 88 73 66 98 58 37 9 30 1 57 10 48 21 13 31 90 76 11 99 40 92 96 86 34 72 27 77 51 35 50 79 75 23 22 95 46 61 74 100 71 43 54 80 14 8 93 32 63 42 91 53 28 19 45 56 3 12 81 44 47 84 15 89 68 62 65 67 20 78 60 55 39 59 70 36 7 87 4 17
1008 93 87 95 29 91 15 6 61 49 77 56 52 81 12 64 28 67 8 26 75 57 19 72 85 82 34 97 13 39 1 4 66 24 58 88 51 41 63 94 62 73 43 46 48 99 65 74 53 31 79 36 21 45 16 69 44 14 2 37 33 76 18 20 7 71 32 17 30 11 23 55 59 86 22 27 47 70 98 89 38 80 83 90 10 96 9 84 50 92 25 78 5 54 42 60 68 40 3 35 100
1005 30 9 31 40 11 13 23 47 33 63 93 6 69 18 89 51 16 27 72 26 28 97 50 3 21 14 7 19 84 5 36 86 60 65 82 70 38 79 45 39 92 71 73 66 48 42 24 41 80 20 95 29 61 1 74 77 76 56 83 2 55 12 96 35 78 46 62 43 68 4 100 90 59 85 99 22 57 91 54 98 81 87 44 53 15 58 17 8 52 34 75 37 67 32 25 64 88 10 94 49
1009 71 39 54 87 85 34 64 22 30 41 51 26 92 46 6 40 20 45 95 43 12 9 53 23 25 42 47 48 90 32 57 79 68 80 74 88 4 1 98 11 33 91 62 31 29 44 84 7 78 8 5 38 94 61 70 18 83 96 2 36 10 66 100 52 58 99 81 16 72 76 77 14 97 35 19 56 17 73 37 27 15 28 3 60 69 82 86 49 63 75 21 13 93 59 67 55 24 89 65 50
1005 92 20 87 62 26 43 96 1 34 77 27 75 38 98 63 57 8 15 53 95 24 22 21 79 49 16 65 59 64 90 56 83 9 97 10 3 99 12 74 6 2 55 67 71 25 86 5 39 70 4 91 72 46 61 88 54 85 17 44 31 69 93 23 81 58 84 52 60 76 66 19 13 51 14 30 28 48 33 45 73 40 100 35 80 11 42 50 89 41 18 82 37 47 36 7 78 94 32 68 29
1001 87 30 47 49 44 96 25 62 16 18 52 55 32 92 68 64 60 2 90 70 9 83 95 85 11 27 76 46 41 71 79 50 45 93 65 48 94 3 69 58 24 1 63 99 51 40 34 98 73 66 38 74 8 57 23 81 22 42 7 82 84 6 88 31 17 35 36 21 15 13 77 61 5 80 43 53 72 97 20 89 12 26 37 4 91 100 19 28 14 59 54 29 67 78 75 33 10 86 56 39
1000 11 71 15 10 43 89 33 80 13 93 46 66 98 22 9 8 40 76 21 16 97 18 74 85 81 55 25 100 90 49 44 83 3 38 30 36 58 62 99 27 7 53 77 56 12 64 14 67 37 24 28 72 34 84 92 32 51 79 88 73 87 57 29 4 5 94 50 2 45 17 95 6 60 75 35 31 69 65 63 23 20 86 82 41 42 26 48 1 70 96 68 19 78 54 59 52 91 39 61 47
1003 65 34 71 54 39 43 78 64 23 8 74 38 95 21 56 30 19 4 24 99 67 89 51 91 62 52 27 29 15 42 12 60 97 26 14 63 18 49 68 93 88 25 94 44 83 40 90 100 80 69 61 2 58 57 41 50 48 75 92 79 81 7 66 17 16 77 70 28 96 47 9 36 59 35 86 1 98 85 20 33 3 5 87 84 11 72 32 37 53 55 82 22 31 73 46 76 10 13 45 6
1003 85 73 4 78 56 93 26 5 35 91 70 90 88 89 83 29 24 58 46 62 2 65 43 48 18 84 19 13 1 14 21 7 16 17 92 3 11 40 47 82 67 23 59 41 71 96 27 45 39 52 81 44 10 31 32 60 66 80 79 28 20 50 57 22 64 86 72 6 36 25 33 51 9 94 8 34 42 54 61 37 69 100 49 75 38 68 98 97 74 55 53 63 77 12 99 87 15 76 30 95
1008 28 41 60 19 70 95 72 64 9 13 81 71 22 55 97 14 92 75 93 59 31 53 25 76 44 94 4 6 26 17 47 88 69 35 52 87 57 83 1 82 46 42 24 45 7 43 18 80 32 48 54 20 68 84 16 21 78 36 79 50 74 91 39 99 33 49 63 85 37 61 40 56 38 8 12 34 100 23 27 77 29 62 58 65 73 90 89 11 2 10 30 96 5 51 86 15 98 67 66 3
1008 6 42 43 50 58 93 29 48 84 96 49 39 41 70 85 89 65 3 95 22 69 23 30 53 57 76 63 72 24 10 83 19 88 9 12 73 11 55 56 86 44 79 52 2 18 82 99 45 15 13 68 5 27 28 25 74 94 62 7 67 38 100 51 35 26 46 59 17 77 64 33 97 75 71 78 47 31 80 98 61 21 90 20 14 1 87 34 81 36 16 91 32 54 4 40 92 37 8 66 60
1009 41 65 73 44 33 64 84 86 77 62 9 37 19 80 10 83 40 39 3 59 78 66 29 25 99 34 85 38 82 18 63 69 53 1 76 49 67 54 92 28 15 60 35 32 12 5 55 57 43 47 75 17 61 27 72 45 88 6 21 52 23 89 46 90 70 97 16 56 51 100 22 58 8 74 31 20 98 50 30 94 13 2 42 24 14 48 7 79 93 36 71 96 26 95 11 87 68 4 91 81
1008 56 75 84 63 83 52 51 73 97 74 69 4 93 28 29 23 5 36 16 92 68 59 41 45 72 88 71 13 67 60 3 19 10 35 33 94 8 21 62 26 24 96 89 99 82 49 2 1 37 64 12 100 38 47 42 32 25 27 54 18 53 61 91 86 22 66 55 14 6 48 79 40 70 44 9 43 77 78 90 65 85 7 31 17 39 87 11 81 20 58 57 34 30 76 98 80 95 50 46 15
1001 82 39 72 7 57 17 93 15 26 41 79 87 38 59 97 6 91 83 58 84 29 94 14 32 23 31 73 24 33 71 9 80 11 44 45 69 81 99 85 8 49 90 68 46 27 65 70 48 22 1 53 5 64 10 13 3 56 76 62 50 55 89 92 67 40 54 74 4 51 78 75 86 61 37 18 63 2 60 96 21 43 66 100 77 47 88 30 35 42 28 34 95 98 52 25 16 12 36 19 20
1001 77 22 58 12 54 70 3 26 79 14 67 8 17 99 39 34 5 41 31 44 100 46 42 4 18 73 29 6 71 45 43 65 75 94 11 56 9 92 38 81 90 60 40 61 28 66 21 98 30 13 36 15 35 93 80 88 72 57 50 25 68 20 86 76 1 48 49 74 47 55 62 2 87 33 51 63 89 84 23 19 52 64 59 95 10 97 16 91 27 24 83 32 78 82 7 37 85 69 53 96
1010 87 22 93 49 59 39 96 23 16 81 66 29 1 62 43 80 21 82 74 24 38 85 94 72 98 88 18 19 73 58 68 33 75 84 26 51 40 46 63 44 30 95 55 100 99 45 7 2 8 89 13 17 64 69 83 47 67 37 79 5 11 35 14 60 61 71 6 78 20 25 50 91 77 32 90 36 15 48 57 10 12 42 76 34 70 41 28 97 53 3 86 31 9 65 4 92 27 52 54 56
1006 59 100 40 98 6 29 54 53 12 30 91 18 82 99 17 93 66 21 56 28 49 71 65 16 97 15 11 52 85 37 31 94 39 90 75 9 72 46 86 8 22 41 80 96 63 36 84 10 68 43 69 48 13 78 23 35 14 95 44 83 92 62 3 64 87 33 45 32 81 4 70 74 67 34 7 57 77 76 51 19 58 2 1 26 42 38 55 20 73 27 79 88 50 60 47 24 25 61 89 5
1010 98 31 2 22 71 78 97 80 28 65 72 100 13 18 77 92 79 68 25 54 55 66 49 95 10 29 58 74 82 93 57 3 84 90 32 50 46 4 41 8 86 7 15 47 99 48 43 94 83 56 81 62 85 40 37 63 88 14 64 6 12 21 96 20 45 19 23 91 61 51 73 11 38 16 87 39 33 34 1 36 76 9 27 60 69 44 35 67 53 5 52 26 24 75 70 30 17 42 59 89
1000 92 34 85 30 2 52 82 22 81 77 84 37 90 53 36 66 27 11 87 50 76 73 1 68 41 32 75 46 47 29 71 31 70 43 94 8 25 10 88 99 54 78 35 59 72 86 61 96 74 12 3 24 6 16 17 98 56 48 42 57 23 89 49 65 93 62 79 80 45 55 100 51 26 44 83 19 97 15 21 91 60 63 58 67 18 7 69 95 5 38 14 64 40 13 28 33 4 20 39 9
1004 14 44 40 65 32 98 85 37 80 52 29 55 20 64 79 16 94 13 19 78 7 46 11 61 22 67 33 8 69 48 3 28 81 23 58 31 92 25 93 51 45 86 100 2 75 15 71 4 50 17 26 63 74 9 5 36 59 76 27 35 89 39 88 10 34 84 73 18 38 30 68 72 83 95 53 47 21 41 62 56 60 91 77 99 49 70 42 12 54 90 43 66 96 87 82 24 57 6 1 97
1003 12 35 27 52 41 43 74 32 91 4 16 58 3 45 64 36 34 84 71 26 1 2 18 51 46 83 22 15 94 75 65 72 73 42 67 63 81 77 7 87 69 95 23 62 50 20 78 90 76 28 13 66 53 30 49 79 59 99 54 98 44 47 97 56 38 61 55 85 82 24 9 37 39 11 48 33 10 89 100 57 8 93 60 17 29 25 31 21 86 70 5 19 68 40 96 80 6 88 92 14
1007 11 96 21 30 58 77 32 51 64 85 16 6 88 98 92 83 53 63 36 12 90 46 48 2 72 55 67 99 3 94 37 40 82 73 61 97 91 59 47 31 1 54 25 43 14 76 70 22 87 17 95 35 7 56 62 4 38 86 52 27 45 49 23 84 75 39 80 81 68 44 28 13 26 57 8 71 74 60 78 50 5 24 15 79 65 29 100 42 66 33 34 89 20 41 9 69 10 93 18 19
1004 65 51 17 40 34 20 89 71 22 72 98 16 15 44 80 31 27 25 97 14 32 6 48 91 95 8 55 57 26 70 86 45 75 35 74 68 39 18 96 10 73 83 62 47 21 36 9 88 13 76 53 24 46 99 94 84 92 100 58 64 43 63 66 41 19 49 60 37 7 28 61 5 54 4 42 56 90 79 38 33 12 29 82 50 85 2 52 78 59 3 77 87 11 30 69 81 93 23 67 1
1001 70 60 53 50 39 79 85 52 71 76 41 4 42 65 66 47 81 12 68 84 67 57 6 44 55 17 30 13 27 36 40 83 63 86 95 19 92 93 23 75 3 48 9 97 59 35 56 58 91 90 18 99 24 45 16 100 87 72 28 78 7 10 38 22 2 88 1 64 77 29 25 62 5 49 74 31 34 37 26 8 82 51 20 98 96 33 15 80 54 32 73 11 61 69 14 94 43 21 89 46
1003 84 20 28 85 21 18 29 27 54 47 58 1 87 52 3 66 65 8 51 56 45 69 35 46 42 92 32 39 26 57 60 6 12 16 89 50 79 90 73 83 67 75 14 78 81 55 97 80 53 10 63 19 82 93 70 17 4 72 15 30 43 62 95 11 48 98 61 91 86 25 36 71 38 49 23 76 88 5 13 77 99 59 41 2 31 33 40 22 37 64 94 24 34 7 74 68 96 44 9 100
1007 18 92 77 4 68 32 34 62 38 2 60 75 25 55 76 87 53 16 14 29 50 26 33 11 23 20 90 97 8 85 74 1 10 94 28 39 86 98 100 82 58 72 3 57 7 19 69 79 66 36 24 51 13 96 6 47 56 84 42 81 21 43 71 48 9 80 88 64 5 89 31 61 46 27 70 45 59 99 83 12 52 67 30 49 63 15 35 44 73 37 40 22 17 78 41 95 65 54 91 93
1010 96 56 38 64 4 48 74 79 13 21 11 40 82 49 92 26 55 46 76 7 83 66 20 17 15 69 5 89 37 52 8 57 23 99 27 29 77 42 14 47 63 90 87 88 91 31 19 53 9 86 72 73 30 93 25 32 100 41 3 45 36 16 33 95 75 81 59 58 60 44 34 12 85 43 24 1 2 10 68 28 61 71 80 54 67 97 84 94 50 6 39 62 18 70 35 65 98 78 51 22
1003 41 97 58 96 54 45 64 89 42 87 6 26 71 91 59 51 50 93 13 33 53 69 38 31 21 2 30 5 32 7 37 84 98 8 34 36 1 19 17 94 65 81 67 68 18 40 39 44 90 76 28 52 63 47 77 25 79 14 83 24 46 61 73 29 86 100 49 72 78 99 56 95 57 3 12 75 27 66 4 15 43 92 23 55 48 9 88 60 74 10 80 70 62 85 82 20 16 35 11 22
1005 37 4 25 54 8 18 78 75 73 6 3 1 41 56 97 7 42 23 91 99 27 51 13 84 16 31 89 46 63 66 26 35 57 40 71 43 9 2 10 44 53 20 86 72 19 21 60 77 80 83 88 22 12 24 85 64 61 95 68 65 70 47 49 5 33 29 87 55 52 58 98 11 74 82 96 14 92 48 34 69 59 28 67 45 32 50 36 76 38 39 100 62 30 94 79 17 90 15 93 81
1009 21 36 61 78 17 99 64 28 24 62 5 95 97 31 43 12 34 84 76 93 13 46 69 33 75 14 2 44 98 73 83 19 79 86 81 71 57 68 26 50 3 18 92 38 23 16 63 52 47 94 11 51 37 88 4 87 15 45 39 89 91 30 6 59 49 56 70 74 65 35 100 22 67 41 55 25 53 54 27 40 1 7 8 90 48 80 85 42 82 72 32 58 9 66 96 29 60 77 20 10
1001 89 1 71 33 91 15 72 74 20 37 81 26 46 19 82 31 11 100 73 44 18 50 39 8 2 7 70 86 10 78 61 28 93 64 60 9 16 30 25 75 21 55 47 4 96 36 83 40 6 98 99 53 51 77 58 29 80 49 17 88 24 14 66 92 59 32 38 68 27 23 84 97 69 95 43 56 67 94 35 22 13 85 65 87 90 45 52 42 41 63 12 76 79 62 34 57 54 3 5 48
1007 41 47 68 33 56 93 57 96 26 29 3 1 5 64 77 17 73 10 88 4 8 39 42 60 82 95 51 90 81 66 87 21 38 12 86 46 19 18 37 58 36 2 44 98 100 32 79 50 34 48 27 6 74 84 97 53 54 72 69 13 14 85 63 11 59 40 92 65 67 35 20 24 89 43 62 30 80 7 55 15 52 83 94 78 75 61 23 49 99 16 91 71 31 45 9 25 28 22 70 76
1002 87 91 62 64 80 51 43 46 83 24 27 3 25 86 19 96 17 69 55 40 21 8 97 61 73 82 10 94 66 39 58 59 90 100 54 18 37 72 84 32 36 81 89 56 70 26 42 34 98 79 15 38 23 74 20 47 49 7 1 48 78 71 33 31 28 13 67 57 77 45 29 88 12 95 99 50 11 52 30 35 68 22 93 85 44 92 16 9 41 5 53 4 14 60 75 2 6 65 76 63
1005 19 77 3 76 40 78 15 91 38 11 57 96 35 69 37 59 97 24 13 4 70 82 58 27 64 61 73 53 14 62 25 42 95 50 22 41 71 67 5 52 8 99 54 32 33 72 86 16 36 6 93 55 60 48 87 75 10 51 29 2 34 90 83 43 49 7 39 28 89 68 26 1 74 84 66 31 12 63 65 100 79 9 98 56 45 46 23 92 88 44 85 18 47 80 81 21 30 17 20 94
1000 94 56 9 39 68 4 47 16 51 19 53 22 37 6 64 84 36 81 83 57 70 96 61 49 95 89 74 79 34 15 67 93 88 99 28 7 13 62 86 77 72 26 80 44 38 30 43 100 8 91 92 20 42 66 82 32 78 23 97 73 58 90 24 25 11 40 14 63 50 85 98 31 87 29 21 5 12 71 54 41 59 60 46 1 33 17 48 10 45 27 65 75 18 35 52 76 55 2 69 3
1005 83 32 62 33 61 59 40 5 50 57 11 96 24 12 67 25 78 71 93 91 58 77 19 18 87 6 26 1 47 20 68 37 21 92 36 38 72 27 30 14 31 16 75 100 54 46 2 80 49 94 9 51 52 41 98 7 82 15 22 35 73 53 48 29 39 88 55 95 69 66 56 4 42 85 84 99 17 13 43 64 74 97 70 34 23 44 63 90 76 81 79 65 89 10 8 28 86 3 60 45
1009 19 91 71 20 94 50 33 26 78 22 56 74 35 39 75 37 48 27 14 86 82 4 47 100 10 16 92 70 34 93 88 18 64 97 32 60 68 73 67 72 85 38 83 43 62 55 81 63 54 53 76 80 89 5 30 7 98 31 9 21 69 40 51 95 17 3 29 49 1 66 77 12 84 42 2 90 45 61 99 8 6 28 41 13 36 57 58 24 46 96 44 15 79 25 59 87 52 65 11 23
1006 6 3 68 61 1 4 30 88 43 44 57 24 58 97 72 10 13 75 65 48 22 78 35 51 80 89 62 74 70 79 7 100 53 96 46 5 31 37 63 71 15 47 26 32 45 54 8 64 55 50 93 27 76 94 52 77 49 95 14 28 86 18 20 17 59 33 87 23 98 25 73 83 16 2 9 81 11 40 66 12 29 90 39 91 42 67 99 36 19 85 82 38 84 92 60 34 69 21 41 56
1004 62 36 73 15 20 91 44 51 78 48 97 58 1 29 83 39 67 2 77 47 50 71 11 49 64 37 76 5 66 45 30 96 81 80 75 38 98 87 40 17 28 41 9 85 6 65 70 94 8 84 74 53 68 55 57 46 16 24 79 13 86 23 21 14 54 52 95 89 7 25 26 4 32 82 72 93 18 33 90 43 99 61 88 56 92 100 12 35 42 19 31 10 22 59 63 27 34 60 3 69
1009 55 36 67 30 88 7 89 42 77 46 73 34 35 50 21 24 52 66 56 45 76 48 93 60 74 44 40 87 61 10 75 99 81 97 94 41 92 71 100 54 43 96 26 5 95 70 11 31 9 59 20 23 6 25 37 62 65 69 13 17 22 98 12 28 51 15 29 63 78 68 1 14 85 58 82 8 64 84 33 47 49 18 2 38 83 91 39 3 4 32 72 19 53 27 16 57 79 86 90 80
1004 44 87 93 97 73 65 22 52 34 39 88 4 13 66 26 12 84 36 11 25 67 43 76 42 90 37 28 71 10 86 79 54 85 98 2 53 48 69 82 72 94 50 40 20 7 1 78 64 38 70 41 59 61 3 100 9 83 58 33 17 18 74 23 14 6 91 99 49 46 31 27 68 32 5 16 92 51 75 96 80 63 45 56 35 81 55 15 29 47 21 57 62 77 8 89 30 19 24 60 95
1005 26 23 72 68 48 63 39 69 55 84 44 64 92 46 45 89 98 12 28 9 79 40 61 3 30 5 77 78 73 65 27 53 1 97 34 60 76 75 67 85 37 11 59 95 82 71 2 21 8 91 13 43 6 74 35 32 38 56 24 83 20 99 94 70 50 33 49 86 41 15 42 87 80 7 18 25 14 29 66 4 47 54 16 62 90 31 57 93 51 10 36 22 58 96 19 52 88 100 81 17
1010 42 36 77 55 3 39 69 44 80 12 100 19 35 14 95 88 78 34 98 41 54 6 79 43 93 27 58 75 10 61 71 89 37 96 29 50 7 64 9 25 63 45 51 32 40 16 47 72 13 53 76 92 59 82 22 28 65 70 15 20 18 81 24 49 4 26 87 57 56 48 11 1 99 91 2 8 60 62 5 38 52 17 97 30 83 66 68 73 84 85 86 21 31 46 90 67 23 74 94 33
1003 62 5 70 63 45 37 7 66 10 86 81 96 44 28 17 18 11 50 76 71 15 65 33 2 6 98 46 13 48 32 91 3 83 49 35 75 79 64 82 29 53 14 59 39 60 8 55 54 92 97 100 41 95 9 51 43 24 87 34 38 93 84 74 80 58 67 89 77 4 22 78 21 68 16 26 47 94 52 40 30 42 56 36 57 61 31 99 12 90 85 69 20 88 23 25 72 19 1 73 27
1006 23 39 12 16 87 42 74 52 43 82 85 27 36 50 95 58 65 99 79 44 29 19 33 21 28 59 90 35 77 93 92 37 68 18 49 26 72 14 10 38 97 73 46 67 76 45 60 41 63 40 94 3 11 7 13 83 24 88 22 31 20 96 69 25 62 54 51 48 98 86 57 64 4 66 6 100 17 89 47 30 55 70 1 84 78 75 2 56 32 61 53 91 9 81 71 5 15 8 80 34
1001 53 97 32 9 29 52 83 54 8 84 27 11 98 38 41 75 18 72 19 21 94 34 25 12 28 17 100 33 49 92 31 1 5 6 26 23 60 47 65 63 48 81 24 67 37 74 36 85 20 95 13 62 50 76 68 2 79 51 57 91 96 42 14 35 43 61 99 89 44 86 15 69 59 7 46 39 88 58 70 45 40 82 64 80 66 10 93 55 30 77 4 71 56 16 3 90 22 78 87 73
1002 37 70 41 86 91 63 79 64 21 81 54 11 19 69 36 14 32 12 100 39 2 3 5 52 31 25 44 66 6 99 76 33 4 60 1 73 82 62 72 93 77 85 83 98 58 42 18 55 74 53 16 95 43 75 56 87 48 97 34 26 8 89 61 17 24 88 59 27 78 9 30 57 67 47 20 90 35 15 68 84 49 80 10 51 40 7 22 13 92 28 65 96 38 45 71 23 94 46 29 50
1005 17 94 3 81 80 5 100 26 33 78 43 82 77 56 99 58 98 4 51 13 1 32 72 85 14 25 35 46 16 7 30 15 91 86 70 64 36 61 37 49 19 76 60 47 39 41 40 54 6 9 59 63 88 53 44 38 84 95 66 42 8 12 10 48 2 71 57 73 79 34 11 67 28 83 27 97 69 68 24 21 50 31 23 62 22 65 90 93 18 92 96 55 45 75 20 52 89 74 29 87
1010 58 97 95 9 55 29 22 51 87 1 14 8 26 44 7 23 28 54 35 11 36 67 47 43 71 4 73 80 94 46 77 62 76 42 24 84 90 72 53 75 70 83 30 31 10 74 45 38 91 92 37 40 66 61 20 65 89 64 86 6 99 96 21 2 16 13 93 27 32 19 78 34 100 68 25 49 69 41 48 39 85 82 52 56 18 17 15 60 3 33 63 81 57 50 88 5 59 98 79 12
1002 51 98 70 22 100 40 64 2 27 44 85 42 34 90 29 16 48 41 28 79 82 57 77 60 63 84 56 17 92 95 61 93 36 18 46 97 20 69 4 83 10 37 76 86 72 58 67 65 5 94 38 49 19 6 73 43 14 23 81 80 96 13 12 47 91 71 26 74 35 99 55 87 54 3 39 32 33 59 25 78 8 66 11 50 88 21 7 68 1 9 24 89 53 15 45 62 52 75 31 30
1001 65 54 45 44 42 55 10 32 94 60 26 9 49 14 83 67 98 2 37 46 22 85 97 29 31 1 23 100 77 53 61 38 87 57 99 12 82 6 27 47 5 51 50 78 19 95 3 56 75 43 91 70 18 35 40 88 62 34 24 8 76 64 11 63 69 7 71 4 17 86 81 41 52 84 59 13 48 36 80 30 72 74 66 39 90 28 15 73 79 16 92 93 25 96 58 33 89 20 68 21
1009 70 45 13 92 56 97 72 58 74 36 25 1 51 87 91 95 98 40 79 90 11 85 66 73 54 30 17 61 46 99 67 94 100 5 33 88 49 35 68 10 19 44 22 38 75 23 31 32 60 69 71 59 27 6 65 4 8 12 57 37 84 43 39 34 55 21 52 41 18 47 24 50 20 48 29 86 9 62 26 83 42 14 53 93 82 76 96 81 2 7 78 80 89 64 63 16 15 3 77 28
1008 57 18 92 26 84 31 88 87 61 42 59 63 89 29 96 34 35 9 6 19 55 46 27 11 98 81 17 73 14 83 95 21 23 47 100 67 50 28 75 43 64 37 1 22 56 33 66 71 8 76 93 70 13 32 65 5 52 10 20 82 85 41 39 2 80 53 12 97 45 77 48 49 91 78 25 74 16 99 86 90 4 7 30 3 60 68 79 69 94 24 40 51 36 54 62 38 58 15 44 72
1004 3 70 85 54 27 68 34 15 69 86 26 78 1 56 16 63 52 61 59 40 73 38 84 58 89 88 92 32 25 99 66 94 48 8 10 37 51 13 57 64 60 4 100 96 71 22 28 80 39 30 29 76 79 93 67 97 43 6 87 44 19 81 74 65 45 42 14 20 11 23 75 33 46 98 24 55 7 82 91 9 2 50 90 62 41 18 72 12 53 95 77 17 31 83 21 49 5 36 47 35
1008 9 63 75 50 79 39 100 74 59 97 6 41 84 12 93 30 96 45 85 46 19 17 82 83 78 77 70 21 76 10 64 54 8 90 68 66 15 44 55 4 57 92 51 34 25 81 13 61 80 47 35 87 89 56 1 3 14 22 5 53 91 29 65 71 99 26 69 52 49 73 72 67 16 62 32 98 88 2 40 60 20 48 94 43 58 37 7 27 23 31 36 24 11 42 95 28 33 86 18 38
